1941 Wb6LwF 100 93 34 28
1283 9Wj1FZ 99 96 85 15
383 KuKHzd 98 51 93 39
762 0brn1xF 97 67 68 2
1604 Jdw0oEs 97 48 44 21
1941 Wb6LwF 100 93 34 28
8263 MjXkeBy 100 77 72 83
8889 AhlsKGWI 100 97 67 60
10820 pq4wdWy 100 49 86 87
10989 zHWfNN 100 4 84 11
12487 bkodAHlY 100 75 47 42
13594 gY02nZ8 100 44 42 99
13913 zQp1yW 100 96 37 27
15251 SdBcQCTX 100 74 25 22
18051 B9VjIHe 100 63 13 67
19487 JL5tixH 100 92 76 76
21779 rvpiXO 100 62 28 26
24136 WwLOeJ 100 6 89 65
24628 abxktw 100 85 8 54
25927 FQZ9omt 100 50 41 69
26982 FWPprWOO 100 49 58 60
30364 TZ17kxg 100 14 77 81
31254 1C5L2dm 100 81 33 57
32762 b3ejNBkH 100 39 2 78
34244 CsDcN0xK 100 43 61 92
34297 jvVE17 100 45 35 93
1283 9Wj1FZ 99 96 85 15
2674 gZag3Ia 99 15 38 64
2701 JHbeAWfC 99 45 86 20
2843 aul3JDjp 99 31 52 55
3250 U2bVyAe 99 50 22 66
3793 tnMscq 99 92 77 78
4134 DDwqXq 99 34 29 17
5573 340BdCR 99 99 52 76
6553 xfTZUaHM 99 44 40 17
9051 hU3RC6 99 47 75 63
9067 cPdqSv 99 45 39 30
9726 0eNMgoF 99 85 16 64
10636 lohooKD 99 2 36 3
10891 567ssBgp 99 3 38 18
13069 1kDgIN 99 50 34 7
14841 Cr47y4G 99 45 74 14
16112 aMbXXZ9M 99 73 81 65
16770 7NYVFcy9 99 15 14 12
18625 iQrCAR 99 45 60 25
19135 FgmUWm 99 4 50 47
20109 TGZpAno 99 30 32 46
21054 545J3MD 99 12 48 86
21148 bvwHEZtT 99 85 42 72
21844 mQhwhr 99 17 22 83
22548 pcxYVWly 99 97 40 20
23553 yYh14Fuo 99 64 26 27
29282 F5YQ5sC 99 53 56 81
31372 3xd0WLtk 99 50 66 20
31679 uFGegY 99 50 54 25
34771 gff8jUV 99 60 44 44
8323 Kp8GbM 98 56 17 87
8342 hQq3JUX 98 91 43 95
10879 7PgVhObh 98 14 85 67
11524 l4XON7KG 98 62 70 98
13328 b18Jy956 98 11 84 33
14171 evQ4lx 98 62 65 14
14663 apQkLK9z 98 46 9 58
14819 dneo9On 98 41 50 51
15058 Vi4eVzX 98 87 24 72
15180 ZJjrvDLQ 98 60 42 43
16512 IKwjdb 98 36 58 99
17085 YwxfVs 98 36 97 19
18126 Od6WFD3H 98 14 51 49
18317 xvwkBM4 98 3 31 47
18636 3DjXkzF 98 54 83 67
18803 s0OSY4 98 87 18 78
19491 98GfZbC 98 78 87 65
19933 StMqMhb1 98 76 34 82
19946 tnQRJc6O 98 77 21 74
21300 YIVRqqE 98 14 90 46
21703 aIl8HB 98 86 36 67
22041 AIHa3K 98 25 3 53
22148 tnB4k4b 98 81 43 64
25754 DVY4m2 98 53 23 59
26428 5ORmNu 98 48 43 8
28427 kvsVxs 98 95 11 59
28812 M8Mu2o 98 42 52 74
29055 bui1Qq 98 52 82 61
29948 OZG6mms 98 60 96 9
30284 qH2lzZ27 98 71 2 26
30935 UBzhnHA 98 66 98 61
33648 uSKuAR 98 44 1 37
34803 VD946MG 98 34 23 49
1604 Jdw0oEs 97 48 44 21
1729 7i9weU 97 74 72 5
2164 wPc8dTc8 97 61 85 40
2562 gyUKlAm 97 85 34 31
3616 hdIdqgNb 97 32 38 84
4224 fhITA9 97 57 1 9
5196 hYxJcPT6 97 89 81 2
5788 Qe1g7gC 97 71 60 70
5905 O6TOmk30 97 19 20 1
6781 sOvLsUC2 97 67 97 24
7567 HDeGT3JO 97 53 74 29
8749 vUpH877D 97 77 59 2
9144 zsy2Z54Q 97 23 59 58
9608 UmoxShc 97 87 79 98
9907 DPkh10 97 47 9 94
10301 swDD2ew 97 70 84 23
10423 0N2Sqes 97 81 30 32
12210 N1SjUf 97 70 6 11
12250 Nyo0O6 97 45 79 20
12452 KrtfJWe 97 2 4 33
13043 ZdyU9Tav 97 85 74 44
14321 WPyKat9N 97 23 44 73
17391 Pc1RcAe 97 49 59 32
19554 gCdZH7V0 97 8 78 35
20188 7Bdv0Vu 97 30 17 21
21042 DZiUeGl 97 9 85 61
21702 3dCKEC 97 88 10 17
21763 HlmKiW 97 34 72 63
22330 LdH65f 97 70 8 97
22410 1pNmpkM 97 86 75 91
22694 Tqxecyp 97 8 89 92
22893 j6YUXGP 97 71 71 49
23267 QSe8V7ie 97 65 31 35
23715 S5s0Lpt 97 43 3 45
23722 1SQsUh 97 43 33 64
24154 8KhU4rY 97 54 93 84
24190 FbWuIxI 97 17 23 10
24957 J2htdHh 97 83 42 6
25762 TBiHqfut 97 66 59 17
26654 bpfKBxLT 97 87 42 74
27511 JiMIcW 97 57 68 46
28910 kRql5I 97 31 75 97
29439 Twzd9XE 97 8 30 96
30362 8gY19TGM 97 41 9 22
31828 RzevRF 97 76 64 90
32879 2bfElt2 97 18 62 56
34578 0qVP2Hf4 97 87 81 13
1169 isjrt0 96 59 50 10
2132 l5p7XSQh 96 68 63 12
5152 mcaRgm 96 93 61 90
6235 cTfHDW64 96 3 76 1
6283 togsYCNv 96 59 85 67
6664 r1fM5hln 96 12 15 28
7200 rYPsWL 96 50 89 27
7206 bLTQehl 96 15 15 46
7561 DucdYHN 96 46 62 97
7901 I9mTmM 96 97 5 17
8786 ems4jFM2 96 41 100 89
8805 ALJufg 96 66 72 19
9813 JDYs04Q 96 81 3 52
9950 voYNaKV2 96 69 26 84
10120 g5nuLXnS 96 74 27 38
11486 7dEk4P4 96 0 20 77
12296 FGsoCGL 96 82 57 74
15164 xltbpLB 96 40 68 63
16055 VOetmqZD 96 93 70 41
17646 taM80A 96 36 28 44
17982 3RkfmD 96 51 35 75
18244 5LZZdS 96 59 95 17
21539 FvPYBs2 96 14 42 43
22145 aNs23YZf 96 90 58 71
24543 rJk4CE 96 67 87 67
24645 vXcD5OE 96 76 83 86
25807 ahw2td 96 30 87 8
25863 50KfBr 96 49 90 72
25928 0aiGk8Z 96 51 53 76
26088 gM8SUdr7 96 83 38 87
26469 taFIGH 96 63 52 9
26806 92K1ozTY 96 83 13 31
28077 emFCbVe 96 49 41 13
28164 RlTAMz 96 13 76 47
33661 dWA2NJ 96 10 59 79
34055 m4UeZJpQ 96 41 36 63
34099 A94rSv 96 7 17 64
34107 dJoav5B 96 6 57 32
1869 rOHyZpks 95 14 36 66
2348 pt0bDQW9 95 96 22 96
2728 tkdwAJ 95 43 59 84
3791 rRQhzCo 95 15 72 41
4220 MeV2iv 95 61 94 6
4924 pvlcD50u 95 80 77 45
6087 oojSrB 95 38 83 12
7281 oXI7W8A3 95 1 20 11
7319 1x052MUp 95 77 44 31
9623 9ZsdFb 95 96 81 0
10467 BfVTqFX 95 80 49 9
10768 RDranVz 95 10 5 92
12952 QxggYY 95 48 46 93
13470 tTR1OUqV 95 75 68 60
15469 GjJDnNG7 95 7 3 31
16161 10a91tN 95 29 43 65
16667 YTd7Iu 95 34 69 81
17911 FQrESI 95 85 89 90
19030 pSholfcl 95 47 21 63
19129 EmTMNI 95 65 12 30
19203 JHY4KOa 95 24 86 65
19911 3mQIAr9 95 49 34 84
20105 cDBTIvlb 95 54 81 41
20594 etun3jaU 95 62 37 60
20904 BzR21MP 95 99 40 62
22949 Fi8kvi5o 95 67 33 43
23372 HXv6IhD 95 81 62 56
23811 fleEKx49 95 30 10 25
24092 tMzrU92l 95 9 34 5
24242 g6EX6IM 95 57 99 92
25250 w88RExR 95 55 43 66
26840 DsDB4BR 95 68 91 18
31414 SnHTve 95 70 56 88
31575 rUT4adTw 95 41 14 29
31693 t3tFdXS 95 17 41 10
33889 T8xG59 95 69 83 32
1496 5EwARz 94 86 15 33
2534 CVCZv0 94 88 50 50
2653 oJdbQYHM 94 35 47 7
4314 MXrHhZ 94 78 10 80
9126 6hKym2 94 31 23 87
10878 gEm8MbvA 94 59 79 73
11025 DZuPy9 94 2 19 88
13985 caG97Ltg 94 99 72 59
14299 KebtK1ZL 94 19 7 14
17160 HE4VCXf 94 10 89 60
19001 xfr2L7l1 94 72 96 4
19356 NnmioiU6 94 5 75 53
20496 tYVHLtOB 94 85 71 68
22998 KvQqgJ 94 19 47 40
23208 khAd9m9 94 83 80 12
25065 nGvLRAn5 94 37 29 58
25376 rHjd3NDL 94 66 45 59
27026 X1xQb9 94 22 75 47
27755 qk6qLuav 94 79 50 19
28218 5m2CFa 94 38 9 56
30419 iQr2B4r 94 42 16 49
30601 mLfKUH 94 47 64 21
30639 1ZGmzdc 94 50 62 10
30842 bG3sq9k 94 74 73 0
30966 nI2ohLw6 94 73 94 29
31234 szieC7 94 63 70 8
32379 0lygKodL 94 62 35 35
32434 31mk1y9 94 44 46 90
32641 DNqjm0J 94 58 14 19
33332 WYeUkFb 94 68 86 94
34330 Fq7dvzg 94 15 91 37
1517 DXu0y4p9 93 53 89 55
1532 tOYEVK 93 99 9 53
3024 G1Fwr9 93 72 81 44
3534 1pv8rrlj 93 31 75 93
5139 G4SRck 93 44 47 96
5157 xeXG8O 93 89 89 19
5248 BI6tchqN 93 35 43 82
6665 4mMIeUoP 93 24 77 31
7315 rIRtTX6q 93 23 83 68
8720 J1RbPc 93 12 21 11
9874 VTXNw5q 93 51 49 70
11179 3rHdhuxt 93 96 92 51
12879 JK1UHr 93 85 22 55
17875 RwKdoQq 93 35 37 46
20874 GK6hiN 93 97 1 4
20996 ffrXDin 93 82 56 2
22007 VfcUScHP 93 25 75 33
25850 f5SUwA 93 96 75 32
26036 y5ocrC 93 6 96 37
27635 2a3A1h 93 66 18 86
29266 AlXPsw 93 55 4 92
29295 ErjcvScd 93 62 88 37
29732 acQYqFch 93 3 3 12
30275 o21bHJoT 93 69 46 55
32847 HvYYde0 93 4 37 79
33361 vmqHFnM9 93 61 86 68
33466 LTlqgyCg 93 75 100 1
34353 NrjMgSf 93 76 96 9
1637 XCqyVVl6 92 77 60 94
1868 yWev2b 92 42 19 52
2372 Ql9V3tk 92 11 69 63
3084 pDwwzoor 92 35 98 20
3176 xFC94Ut 92 50 36 31
3191 12RKZA 92 13 37 37
3843 GKHfGpR0 92 10 98 72
3846 XFLISM4 92 47 52 32
4168 OBWoyu 92 59 17 79
4371 PCQfndQ 92 70 80 53
6080 lloHfOH 92 51 38 61
8029 hMbO1wn 92 57 13 73
8900 JwLydf4 92 13 7 94
10911 2L4jWb 92 62 71 18
16735 aT3s7klZ 92 91 40 88
16886 XtQcogLU 92 26 38 66
17327 l0Ts1Kb 92 31 11 68
19918 8F4ddm 92 58 97 37
19940 Zni1BbK 92 71 27 65
22830 vC2nDjx3 92 39 74 56
24312 otx7fvcK 92 36 23 83
24666 5eGnFk 92 60 74 37
24796 CCIt0OTH 92 29 65 48
25242 2JgWNxmg 92 56 17 22
27011 Vmo1xpq 92 44 33 56
29488 21pNZNtW 92 94 38 85
30046 GZc7yyA 92 27 0 9
30591 3L79o7g 92 41 14 76
31441 eZ0DEu 92 69 59 64
33758 HKmagf 92 56 24 49
34314 UJ1C2Ac 92 11 46 43
34705 X9V5zD 92 9 23 7
34974 Z4asWi 92 63 23 80
3101 laTApE 91 37 59 18
3830 6gR2xDI 91 7 16 47
6903 bJCddEX 91 39 94 47
8349 rPo2SA 91 24 97 30
9498 ydO3sE 91 69 93 79
10267 M1boLS 91 61 100 57
11789 b6MQJifQ 91 69 89 61
12704 vf6Duq 91 29 76 72
12826 6Qd4xL 91 17 6 90
13772 CEtxxE 91 0 10 80
14659 jId8ZkLr 91 93 50 24
16436 j7UHT7 91 17 49 12
16903 emQ3tD 91 57 8 77
17894 dz3F0w 91 90 13 49
20521 TMGHSv 91 15 22 36
20636 ge0M5Idi 91 48 86 80
21695 tpLDoBKV 91 98 3 80
21917 qcFbO7io 91 91 71 93
23399 EemStTk 91 37 30 69
23821 uPbYpD 91 20 52 100
24470 mS8LImMm 91 68 52 89
24948 0fve81 91 54 67 98
25845 7ijceWT 91 55 1 22
27047 wk6S1z 91 89 45 0
27265 Gjto8NKO 91 54 34 68
28828 sCuyNv9 91 67 93 82
29457 dLTzUmv 91 90 63 24
30464 4ujtBV 91 21 39 32
30572 SmJVG0d4 91 41 86 14
31200 hobaEVLF 91 60 46 12
31341 7AxusGlD 91 36 84 24
32289 BEf7CSJ 91 90 70 90
34166 3mkzmefM 91 70 9 9
34185 p2hd8CZ 91 79 12 18
1579 gm7r24QZ 90 66 48 100
2961 6EIit9 90 36 22 6
4051 0sHul3i3 90 23 8 23
4087 qfdJek75 90 45 12 43
4521 vlXUoRQ6 90 25 29 24
5216 AANs352P 90 38 72 97
5879 jaFHn3 90 80 11 52
6497 kLFCc9N 90 32 48 54
8149 uwXXRqf 90 70 25 34
8787 USSSJppN 90 74 79 83
12596 yqvgYH 90 32 21 46
13469 yTdzil 90 33 97 49
13603 Vr0e3IC8 90 31 52 46
13845 UKdj1Ej 90 23 72 91
15144 LPfmso9A 90 53 3 62
16314 fkidHTgb 90 68 96 88
18541 17CpTW6 90 96 5 1
18752 3h8Evgqy 90 10 14 50
19342 rJ6x38P 90 85 60 66
20234 bTUMApb 90 64 40 61
20519 bD3xjRp 90 91 28 14
21463 SSuhoD 90 68 35 86
22307 tA3JT51 90 75 40 15
23608 VdmeFqa 90 44 23 4
23727 BzSzMvP 90 56 27 2
24529 vmSzhg 90 72 18 86
24550 t0OAB4GX 90 86 54 60
26023 3eSGKU2u 90 92 3 20
28063 wZG6UU 90 17 82 65
28194 mW1MM5o 90 63 35 22
30026 LZglZlA 90 50 8 13
30225 BsZGab9 90 74 10 55
30724 KPL3U1 90 60 47 93
31054 GcFELNP 90 23 83 66
32439 JxE2OLGb 90 23 33 11
34551 6UkbcJy 90 2 23 97
2320 si8JmW8b 89 49 82 24
2693 B9HEmn4i 89 70 66 51
7052 tvuNLSy 89 96 39 59
11050 ohWlBNnV 89 37 65 77
11354 LfLdUWYL 89 14 82 19
11448 ARfEMsc 89 55 1 79
12180 9mknhn3 89 5 87 50
12807 hhAzFJg 89 47 85 30
14650 Y6JdfYbi 89 18 14 2
15406 JjqlqA53 89 94 13 13
15840 6OQGWxB 89 3 80 44
17548 HB8GpXU 89 55 90 7
18140 GbnQxj 89 19 11 44
20236 rzxeovca 89 58 91 100
20256 7OgklM0T 89 98 5 69
20767 J0wf7rC2 89 75 99 25
23289 4mvvTJfz 89 76 42 16
23330 Jb0uFL 89 95 61 32
26354 H25j5ywW 89 59 42 1
26506 7L9XGqoq 89 24 38 62
28051 Gh28uQY 89 74 19 57
29088 tO5J2yV 89 23 12 77
31223 tZamVGL0 89 88 28 33
31675 ZfRB1vXb 89 31 79 64
33374 wmQrTj 89 95 60 5
33836 ZIzxBq3 89 11 95 67
33962 wCVu2Co0 89 79 46 83
34603 0N2grHq 89 73 7 95
1134 N8plw2cP 88 10 66 30
1798 zW6TRc 88 30 5 28
3132 NBSvpnH 88 89 68 73
6066 Ebbhrqrl 88 43 86 21
6379 OcF1O0 88 74 4 92
6525 8XS9Kw 88 81 25 73
6881 hEJ2LaXW 88 82 91 18
7091 eL1jls2 88 53 35 43
8280 nkDaXk 88 62 57 16
8448 gr1Sw757 88 84 88 95
8471 1Jom6o 88 61 33 96
9265 P9K1Tw 88 56 27 69
9533 EDkTOU 88 23 1 41
10398 3tXjwwY 88 10 27 46
10673 TaGW3jh7 88 12 2 95
11232 kkqQMKzG 88 1 17 15
14219 k4eQWbzk 88 80 62 24
15399 YondaZ 88 29 55 40
15470 9ZxymNGB 88 48 36 36
15520 VUQhaT6 88 3 14 73
16243 Vg9CLkJ 88 76 99 100
16784 WFa5dEyp 88 5 87 0
17641 99Apa84 88 90 95 81
17754 Wa51x7f 88 78 4 89
22231 lZVOOH 88 42 18 59
22379 C6yYCE8 88 90 76 88
22675 RdXGrB8 88 35 47 44
22832 6MND6Wb 88 59 97 75
23243 ixNBGh71 88 8 97 29
23881 lIpuQmBB 88 65 78 66
25079 iPGsovw 88 13 14 64
26101 R2MyjZZ6 88 98 2 75
26359 qYfFBe 88 4 11 59
26606 XNUyVL 88 65 87 60
26650 94pykbw 88 84 64 85
27530 wyP16w3 88 7 16 63
27787 SEjNAOgj 88 45 77 35
27828 P6f8yR 88 5 75 0
27856 UB3Vpq7k 88 71 34 11
28328 c7WA4K1 88 1 31 51
29776 iir5Pd 88 67 76 42
30103 wkYRmGu 88 24 8 30
30218 Cl3n1qP 88 2 47 62
30970 m8NGRJFv 88 19 54 98
32517 4jMR9vAe 88 88 3 0
33330 HLx9og23 88 22 21 52
33547 OHwntOSn 88 4 84 26
6898 3BZuhyE4 87 98 44 36
7781 lpXyEyF7 87 8 7 28
8672 py4FtjxY 87 64 51 100
9506 RMTlho 87 81 52 11
9554 0Cp90LKG 87 68 53 1
10625 nUMTUBU 87 67 82 65
12383 Hy1aYOE 87 97 18 3
13602 OwHsFhP 87 4 95 40
14414 tzB0Myze 87 30 66 71
14661 xy5rXZuF 87 27 86 57
16233 Q2Llej 87 71 89 1
16857 FPQoL3p 87 46 87 5
16892 5CVflMBB 87 4 22 47
17622 TYsJmqm 87 1 62 80
18174 dkTYVB 87 40 53 37
19363 Xri36lRi 87 98 55 96
20922 jgQgoG 87 91 92 5
20997 21pNZNtW 87 10 94 0
21553 utkYbsc 87 24 41 67
23249 5GWM05 87 97 14 84
23649 7dRiCNpk 87 61 56 90
23885 ZegirN 87 62 16 49
23974 Ps5qc4 87 64 47 15
27118 2s6msPE 87 80 19 31
29153 DJAyFs 87 93 56 57
29836 uo75qLk9 87 17 61 58
30081 bLALWmQJ 87 67 21 3
31549 NfSKXmn 87 85 43 98
32192 Wa1lwTh0 87 91 51 70
33522 kny3BN 87 18 18 84
34262 DPkh10 87 91 88 46
34449 JFX9J8 87 40 94 58
34711 9FfLD0 87 68 13 99
1041 z3AJMWAj 86 55 53 10
2491 yu0o2n 86 91 59 68
3066 18yATu 86 68 0 68
4697 DJ1Q9Cr 86 59 77 98
5876 IWlPczM 86 15 60 37
7750 NQUgJHB1 86 11 97 68
10022 KdtylS 86 70 45 98
10483 ffVxSsh 86 42 87 82
11487 5UJhtx 86 54 40 89
13251 2CG2gmJ9 86 12 87 100
17030 o5V0XtWe 86 20 50 78
17157 7rkyprkc 86 76 7 81
17308 Mi64g4 86 67 29 9
17325 XvK3pOm5 86 1 48 86
20370 temx2f 86 96 51 95
20516 7Kr33hkz 86 36 69 25
20907 0eiF6dLM 86 2 8 78
21268 9RQN6XD 86 21 25 35
21468 ZBnKlOr 86 100 59 33
22204 mKcMGA 86 90 96 59
23930 BfVu0mjU 86 40 43 4
24914 Mqmgf06 86 31 2 17
25389 eS7rsn 86 88 86 14
25645 bEpTPrY7 86 4 5 20
26470 4Cidzf1 86 55 73 42
28443 NUljvA 86 54 95 20
29530 iyIsFx 86 78 100 3
29634 0OI32DGT 86 88 91 6
30170 i7Hz7Y 86 35 25 11
30934 kslnud 86 64 43 24
32927 vjw6vsf7 86 4 50 4
1037 Z07dKN0K 85 43 89 76
1976 SlSy3k 85 84 56 70
2414 hot82nw 85 92 83 92
2970 AUaFFQ 85 8 69 53
3158 85EWmxw 85 81 72 66
3679 SSMfOiod 85 23 60 15
4321 WqS91k 85 95 70 64
6790 IvQiAy0 85 23 64 6
7752 IFVGYp1 85 32 13 4
10222 Vz2gvl 85 100 44 81
11009 89yMd2 85 78 75 36
11916 BWiJEBqo 85 71 21 70
12213 wXLAFuy 85 18 48 29
13053 QiGuga 85 93 19 88
13474 6p5fqK 85 51 17 10
16252 RZnVeau 85 40 29 22
17147 SMaNsH5V 85 93 82 2
19796 YSmcDyW 85 62 90 50
20606 UjbvKAZ 85 60 77 100
20644 j5YU4qn 85 8 41 20
21315 Yg52hX 85 64 11 2
22118 8G8wg3Tt 85 64 79 79
22816 W8H6p5 85 8 35 97
23300 dCNRgLo 85 64 83 37
23386 qzGQg3 85 5 13 16
24418 85qtMuw 85 66 21 99
24859 E9BzEc2 85 85 55 74
27596 kEn1eR 85 7 18 7
29150 QWuRId 85 49 3 13
29446 hzgANK 85 56 87 93
31216 7PBOAKFo 85 90 6 22
34203 uw6Wqt 85 42 21 84
34591 QYHGZW 85 23 32 9
1766 DwN1LDz 84 42 29 94
2593 roJyt8D 84 12 84 52
2745 PCfBrk 84 80 55 35
4894 XiPzSi 84 85 93 49
5021 PwAGUCM 84 52 59 13
5456 PuM6wy 84 4 8 81
7546 s5ZvT7i 84 71 90 86
8561 81WcuwC 84 10 28 43
8657 VjFR9W0C 84 69 83 56
8921 qQkldIKJ 84 87 74 90
10336 dDiNhK 84 18 98 41
10919 rY0DgI 84 49 97 84
12036 vrCBOKa 84 78 37 70
14071 ORlDFf8 84 83 70 49
14680 rPxa0PZ 84 58 67 45
14934 VKH35tZZ 84 49 51 63
14987 Q6sF5zsH 84 42 87 66
17664 ziXiiT 84 55 8 77
17826 pu1tMj 84 14 66 24
23039 66zkpA 84 80 72 40
23579 JrHkclzG 84 29 78 82
27018 Aozam5x 84 44 58 57
27295 cxpqB14u 84 61 8 74
29205 hoWDaT 84 30 65 55
29306 FToXa6c 84 12 16 31
30250 v9cmIbvH 84 81 41 54
32371 ZR81Cdtv 84 23 80 63
33154 DmdRTP 84 73 40 42
34147 ZYFdiK 84 57 48 56
1909 pIdljl 83 42 22 70
2986 TtV7rh 83 27 6 76
3070 VPD34Pa 83 93 15 91
3375 PjW9kZ 83 27 50 89
5185 5d7I8By 83 49 72 71
5462 ici1ERG 83 68 86 23
5580 kMtux9a2 83 98 18 51
5655 yFKU76K 83 71 52 50
12360 D4hiym 83 1 64 60
13132 9ADUDsep 83 15 41 66
13968 aVQgfz 83 68 36 35
15626 YEbXCA 83 38 56 30
16545 EF7GVnuf 83 90 32 15
17909 0nfyMtgF 83 79 44 54
18792 F5uswSEp 83 16 44 98
19252 F5lZ2C7u 83 90 45 74
19712 h7yKI69 83 67 14 98
20595 vk3CiP 83 49 34 19
23190 I9oLG5 83 83 13 44
24654 0Fetht 83 52 95 100
26033 K0SefJr 83 8 82 98
26699 WBdfrjZ 83 3 10 71
29036 2Wzstl 83 44 83 58
29897 FFnaAUEJ 83 38 32 64
29963 4jGoicA 83 94 53 87
30545 LGAKik 83 52 74 11
32268 q3Oe14a 83 52 96 18
33185 SxBd0nR 83 99 12 88
34048 0XL1Irp 83 59 84 32
1955 3s0YbxDz 82 57 52 20
3707 6XvKYXK 82 3 1 53
5969 DjPdK8dB 82 1 71 97
7334 L6wHIJ 82 83 93 28
9141 UmoxShc 82 69 2 57
9345 sFVClm 82 85 13 18
9716 f211W0f 82 35 6 34
10873 buNnXp 82 17 20 79
12635 kGZebLc 82 4 88 54
13042 hCaUYEv 82 90 98 37
14064 nG8wKlar 82 51 73 20
14548 4zoibWSz 82 54 10 38
17682 dYngmW 82 47 52 9
18141 kyKF5D 82 47 0 53
18508 yM9yLIq 82 14 36 56
20029 C1dxqN 82 29 6 13
23321 HdlLFXHv 82 39 26 73
24382 WhXRsf 82 66 7 77
24763 AtENCyQ 82 100 25 42
24784 kDChiGU 82 0 29 22
24979 092oS2 82 35 59 7
25780 Szjy6Q 82 81 8 78
27793 vXf7O7cR 82 43 41 70
28076 a7Mhi3 82 60 12 72
28100 isi1qCSx 82 94 15 55
29203 h4Oz7jtb 82 65 0 56
30888 wUjsjqIN 82 67 71 30
31163 qfpw4Mm 82 31 54 85
31674 RKU3RJO 82 58 50 78
32051 ov1ksKd 82 8 36 82
34258 NRxwbNJT 82 35 72 51
1652 dEew7R 81 77 25 34
1964 YC5xzXdi 81 52 70 8
2202 5Bt6DhU 81 86 74 41
2240 nQmKaEvL 81 87 78 11
2671 gbT3OS 81 90 63 7
2958 gB7SbRQG 81 60 18 30
4531 2mnTEX1P 81 34 84 45
4600 LiKVtC 81 96 12 44
5267 e29M166 81 93 94 34
5510 UJNfVD 81 72 20 51
6371 FoRzdsdw 81 21 20 30
6565 2i90kk 81 4 99 11
6993 VCS9Vx 81 66 36 57
7598 aDANEGW 81 52 40 88
7636 TkFNByJ 81 80 12 63
7696 pMA6xZB 81 7 95 73
8021 ldTVFR 81 12 20 91
8378 wU0laL 81 12 5 44
8762 no3c17qB 81 8 84 64
9784 wFkY62 81 49 27 7
11980 Ji8AX5kg 81 22 42 70
12567 084wnBD8 81 11 25 65
13227 zvBL21 81 48 75 75
13257 fTRyao 81 57 88 44
17100 ncVX5pH 81 29 22 67
18493 zpDGJR0 81 1 12 79
19632 YzcdObi 81 15 73 56
20461 Dr1NVyQp 81 11 72 51
20596 DSh8OZ 81 66 81 37
21354 Ophfpp 81 39 9 21
22252 hVZIfy 81 40 90 84
23152 z5x3tE 81 73 38 92
25057 LiY0F68 81 49 71 44
25323 vjDTWw 81 71 18 10
27614 qhKLTpqG 81 71 97 49
27680 jhkiGo 81 71 3 13
27811 Al5pgya 81 4 100 84
28134 clN17Q8X 81 35 97 83
28609 gLnEzL8 81 86 20 83
30700 yTfPkn 81 88 31 44
30778 rUQl9cJg 81 67 23 87
31421 U2woEhPY 81 40 17 15
31563 jMgVUEAj 81 50 86 29
32207 ojDUJ6 81 22 57 48
33514 92xjXBaA 81 12 44 60
34151 z4ewPCP 81 66 73 5
34915 yL5EzWks 81 6 39 59
1938 HO0khV3 80 89 32 91
1945 lZ5mNwi 80 13 95 76
2179 RczdGH 80 20 16 58
2244 eAdLFz 80 4 63 47
2583 9ato6uj 80 32 52 82
3424 L0HFHXK 80 63 75 53
4286 cJujoWV3 80 66 18 39
4933 no0NiR7 80 44 10 17
5165 s7TbqOTf 80 20 69 52
5567 5LT9f9 80 78 82 2
5709 2dExfut0 80 69 91 13
6354 YbYkAhY 80 50 15 21
7011 wdfMphs 80 12 24 8
7621 QKiWX0 80 99 74 93
7958 E9BzEc2 80 32 7 58
9503 jMd6CM 80 78 89 38
11595 6rzdXyS 80 73 70 89
14273 y9MBud1 80 2 61 19
15477 SA9vrr 80 33 7 67
16209 9CJWcJ 80 21 65 83
16705 dXzLY8l 80 91 56 23
19333 BzId96Y 80 13 48 79
21313 G1SaiQ 80 51 43 74
23222 Te2t6aE 80 1 99 40
23858 BFAh3hLw 80 27 31 58
23861 on7u4j 80 16 42 25
23926 9tnkaOK 80 41 28 68
23970 TsoAGd 80 5 70 27
24375 JljvrD 80 26 76 12
25494 bPMWQqwl 80 28 60 70
28236 0i2CkjT 80 77 3 56
30672 vVG3yd10 80 3 49 19
30864 54eOiCl 80 87 67 54
31308 46K4gJ 80 19 3 18
33132 sha3Ca4 80 87 70 61
34514 bsCkxp 80 4 34 32
1151 nZaD7xJ 79 69 14 43
1250 tOhRlH 79 1 70 82
1863 JHbeAWfC 79 67 80 43
2108 giXBbwA 79 12 0 98
3778 7DM7hV2 79 59 83 14
3946 NKIurjA 79 22 79 19
5298 XFLQPL 79 93 27 12
5978 BY0h7h 79 74 30 14
6145 9g8u38Y0 79 30 34 29
7444 Xlocqcot 79 24 45 37
9562 RHFds7 79 58 23 14
9684 kS6jkf 79 96 64 61
9685 2vbFOQJ 79 36 84 70
11099 OEwa1RYa 79 42 75 99
12260 DzgQijd 79 12 70 61
12371 EN4dsr 79 79 75 9
13278 jfQp2PS 79 51 21 60
13326 x0AEtyA 79 61 46 35
13992 Cjvwn6K9 79 8 27 39
14501 ibRuTEf 79 78 92 71
14926 AuVN1D 79 67 78 26
16173 iDAl1BE 79 75 34 66
17931 dPm7LOJ 79 70 74 47
17958 OvLlME 79 40 94 100
17967 1ehUwZr 79 48 97 42
18629 Og8Pr5Ws 79 42 87 58
18840 HDXPczo 79 71 31 57
19359 06T4qH 79 15 72 34
19598 z71BMh 79 70 24 0
22542 gjr62Uy 79 48 42 37
24199 Zs01o1 79 95 78 78
24431 tPlXJrDT 79 19 7 19
29371 uZOKZFR 79 91 56 24
29825 0AsfcVI 79 20 58 37
30266 YbheohFU 79 62 67 37
30747 7JCPuBqv 79 82 2 97
31611 Yn674fO 79 35 43 20
31684 J9JaUz6 79 74 3 50
33970 vy4TQ8MG 79 6 61 13
1144 fGuS887u 78 4 58 89
1263 6svNUOK 78 77 27 8
1388 FcXNvLK 78 10 76 47
3053 zWOXgS 78 95 31 63
4055 WHV116 78 73 40 48
4623 ZjLCq7 78 94 9 46
5600 jdRWyz 78 21 38 55
5630 VxAHOlAw 78 42 16 34
6022 pTEJSz 78 94 32 48
6550 sUlF4Md 78 76 40 22
6647 RDk3ns9 78 94 36 11
6968 ztktgh 78 63 28 96
7668 wFioZd 78 8 16 71
8388 Nrvp1F 78 99 94 49
8515 CeBq9HC 78 76 11 42
9042 kGZebLc 78 19 93 32
9403 KVpwYKaI 78 67 66 36
10365 uCq1y37F 78 20 10 55
10753 zceQWh2 78 21 96 89
11121 ChJUtsau 78 49 28 100
11222 mavWnqyd 78 57 76 74
12406 zyRQpq 78 59 98 28
12432 hSOvmK5e 78 2 32 91
12881 MCwpbk 78 33 52 14
16004 Rfy9VGDL 78 69 22 21
16710 TvS6GD 78 33 28 86
17455 i7yCquXP 78 62 96 78
20097 nFog6a7 78 82 20 51
21819 ZAOjebG 78 70 93 7
23200 diwchkrK 78 28 68 33
23202 FoddeJ 78 36 47 55
23320 dzCTFP 78 15 52 34
23570 HIcQIg 78 32 68 6
23875 lD6LJET 78 42 63 80
25665 xfvKEzM 78 40 96 55
26509 hnQv2zut 78 53 84 4
27422 dogi1Qom 78 70 41 28
27993 n9T6J43 78 13 40 33
28798 jZzyqibQ 78 54 67 5
30936 T2AYzyU 78 43 98 88
30995 Y9jtVdZ 78 37 34 84
32657 MnEWcoT 78 52 64 57
32751 RiffARK 78 84 71 2
34349 MwU77VCs 78 93 62 24
2792 fBOAwe 77 91 80 89
3108 nko5jl 77 33 23 21
4082 KgnYzN 77 63 53 40
4619 Sxuymk 77 90 48 59
4890 K4ZLn8 77 43 21 86
5120 2E7lnx 77 12 66 69
6599 4xAdNjQ 77 75 92 39
6656 KbRE0Y0 77 94 41 91
7261 0LZZN1p 77 43 1 87
7808 2E6caUdU 77 92 52 51
9563 EHNKMnk 77 44 24 94
10704 qOrYy1sY 77 14 13 61
11830 kDcTA3l 77 33 15 95
12087 ovrdsF5 77 70 17 24
15172 W1MkvUh5 77 61 91 10
15289 XNwxJy 77 86 60 14
16353 Bn3AHXF 77 54 75 9
17062 CRfPcZ8 77 92 62 61
19547 KtSyYiG 77 65 3 81
20060 AxysJ5z 77 94 21 32
24935 pFktsM9 77 4 72 39
26356 hgVqCr 77 12 24 74
28004 14Xq6WE 77 71 22 75
28211 4KAbvGir 77 5 25 81
29280 zbXhBWpN 77 3 48 93
29558 yZRX1iMU 77 19 71 14
30497 HDgfxl 77 49 43 52
31883 uAVmgRUm 77 19 99 11
32498 cfS1vjLY 77 26 91 66
32841 Us4gol9G 77 57 66 8
33694 4G0v1JtF 77 38 36 7
34892 uII2gTm 77 69 17 97
1211 rJtiqa 76 78 5 41
2154 mQT6PNO 76 35 75 13
4068 UGXncNX 76 95 46 98
4299 bRgGCCWT 76 90 93 31
4949 GrIhTS 76 18 5 35
5020 Q8hPKc2p 76 15 56 84
5882 ldxpnW 76 19 18 96
7657 YIbvhxR 76 13 57 23
7891 Xx6hQA 76 13 9 35
8830 tBRgiO 76 52 59 51
10624 IcnQSS 76 3 15 22
10977 utYvCW 76 11 8 82
11073 KOQ77nn 76 31 6 55
11913 AA7tRnYH 76 75 19 51
12321 SIt9kaO 76 45 65 54
13129 a43S7b 76 26 75 55
13184 lQpFc7K 76 20 56 46
13196 60UgQcee 76 76 23 23
13965 JLpnPYX 76 49 60 82
14754 C24WUkem 76 28 83 15
15244 n0j3BWz 76 38 73 18
15476 ghW0Won 76 60 85 53
18826 TZav3A5m 76 48 32 81
19265 Ui5vENR 76 30 75 26
19936 BkUdMD 76 20 95 27
20250 AOhZ1u 76 80 7 97
21311 ZA2xCL 76 25 59 59
21461 MNYMMv 76 29 80 9
22282 h0BvinW3 76 36 65 19
22438 gNBMiDr 76 6 80 87
25163 m1MZWD 76 34 32 52
25723 2mmihHIR 76 49 2 23
26054 aRqZPGH 76 30 47 66
28425 VgG3cX 76 70 93 47
29175 ApCB2LM 76 1 5 85
30207 qFH5bvl 76 55 84 36
30654 aeAMa0 76 16 15 78
31919 9UrQfC73 76 13 67 88
32688 gJQ12b 76 67 77 69
32797 5kgwwo 76 68 71 44
33208 JljvrD 76 64 85 79
33935 hfykWcRd 76 43 12 44
1565 JWoIUv 75 77 46 55
1956 Vm5rcTP 75 95 18 1
2181 RZbZErB 75 66 68 45
2200 ln5wj4 75 45 77 44
3042 gTvwU19 75 53 88 0
3951 RVcSWS 75 86 63 18
8269 4mWpG4 75 87 86 9
8766 2hbxVc 75 62 92 97
10972 1tdxkON 75 22 1 44
12123 bI6W9w 75 28 94 64
13193 0NZIRH 75 76 56 25
13338 39Xi8MPd 75 17 58 54
14407 6Rl0TgK 75 97 83 90
16795 fOuwgKN 75 6 55 82
17530 A4ieWNRN 75 73 6 26
18263 jRJirJNu 75 78 76 12
18618 pRvUWOLU 75 37 17 80
18932 18JlulL 75 55 19 51
19461 koJWwo 75 64 85 46
22417 PY3Z9Aq 75 32 21 77
23388 6j2h0M 75 93 1 37
24466 XviEou 75 98 2 83
24721 VujnWQi 75 98 62 4
25923 OxYET9fV 75 3 81 53
26083 BEigoVI 75 61 82 6
26122 FRF3VrgX 75 63 86 20
26734 QN7tYrbf 75 88 80 84
26985 MDcB1W 75 93 83 2
28579 YJK705 75 92 70 26
28759 1iI3aKz 75 15 92 92
31900 uN5Otx 75 39 56 75
32973 qCWTLv 75 36 66 45
33060 8nW7lH 75 65 53 66
34490 zfXXzHcd 75 57 5 73
3138 eGr2hXt 74 5 59 5
4434 yeRcaQq 74 57 85 15
6062 USfD6rvd 74 6 79 54
9957 7G913jJ 74 71 63 36
10348 8ipjZfF2 74 39 80 92
10407 kxeDirhD 74 32 31 97
10539 LX49fB 74 13 85 34
11657 8xsxigC 74 48 56 98
11948 9prqCj 74 3 45 53
13587 PDdBQT2 74 48 56 58
13846 Ciz96PxO 74 17 77 94
15115 cA843IA 74 58 3 57
17303 UErKHCI 74 95 47 41
17801 GpI0WaE 74 19 78 90
17881 LkeYjmY 74 10 50 52
19802 lFnWyrOo 74 78 77 84
20437 9uV27RWR 74 41 5 99
25584 c4OYIBs9 74 98 37 32
26615 8clOhWMh 74 18 65 46
28162 1YAUSfRT 74 19 68 18
29411 UvpJs1F 74 56 27 87
30608 fyYyaTew 74 21 54 14
34419 ds0bcTGS 74 74 94 40
34543 yLiim5P 74 34 49 74
1921 yLKkb1M 73 98 50 61
2421 Lu31FfF 73 78 55 35
3344 8BY8d1A 73 36 43 56
5757 C52hYK 73 73 52 34
5768 XAK54CT 73 48 68 32
6107 gSa0vN 73 36 43 71
6353 mJMbsj2 73 73 50 62
6425 je4b5e 73 19 8 19
7029 ji75Bq 73 6 63 28
7653 qmkjRII 73 71 51 62
8067 jvL9Ck 73 51 29 3
8072 dHmp6hl 73 26 58 84
8916 bR7vJGuA 73 3 11 6
10333 5QiShFy 73 8 81 12
10895 LGDEZg 73 4 76 30
14626 REQ5J8 73 4 5 38
15325 1NgbPlJ 73 50 11 72
18280 C0eV0J 73 10 39 15
20015 AYg3N0ka 73 96 29 3
22230 Dwfw8e 73 80 50 22
26318 QFFIW513 73 93 10 52
26341 EBoVnlX 73 52 24 90
29381 cE16Rp 73 29 28 99
30353 4lbSi2 73 21 93 82
30756 bFdsUXq 73 55 73 30
31114 gjEvJkvG 73 87 94 95
31995 v7GTPI 73 61 11 15
33400 BPGqz71e 73 41 1 38
1234 H5MUjPVn 72 70 34 85
2232 5VX0eu 72 33 47 90
2433 jjJefCUa 72 51 20 43
2436 n1Cp7B 72 57 8 51
2551 bIPjnU 72 19 89 12
2950 q8ypm7We 72 36 20 98
5223 OHdFkZ 72 73 30 24
5348 MrHQ43c 72 61 51 34
7034 8ZhLwF 72 36 31 69
7130 QxnRkMS 72 41 29 95
8864 tzcvr3vF 72 40 99 98
8931 p59FZQm 72 78 63 67
9756 ycIn3o8 72 83 44 20
9974 s6n2O2 72 48 33 17
11621 J8va72 72 31 29 47
12095 nvDBUCay 72 21 60 12
12332 Xs2vXXw 72 16 4 69
14274 zvOv0qS 72 73 0 79
17999 BcMjpgp 72 61 95 50
18403 oraSxbi3 72 58 84 37
19869 Sj3eUgDl 72 11 15 90
20784 ySYNaO 72 27 46 79
21907 wo34X63K 72 43 31 47
23077 lxDM5tB 72 63 98 99
23501 btWzZzv 72 67 19 54
23510 sCu8el1 72 58 97 60
23809 CM6WWfDj 72 39 58 7
24540 JEmKpBQ 72 59 79 43
26599 qyDNwoF 72 94 92 7
27033 Em4xVjcR 72 41 8 82
28040 ZLzlTfyH 72 52 98 12
29332 pnwII6 72 65 8 95
29831 1h6d3u 72 81 22 90
30746 AGxICVjR 72 50 41 8
31342 TvJ5Zu3x 72 22 76 81
31624 1D4PB3Dp 72 29 18 38
32594 iHAEki 72 12 99 46
34426 ytGORwAy 72 57 42 58
34737 VZLqBH3u 72 63 10 26
1528 5eKR9Ka 71 68 49 67
1810 5kTgjU 71 75 65 69
3306 DXuWrToQ 71 48 88 91
4637 XcXrhC 71 19 30 1
4803 0Qvb9T 71 86 96 75
5231 gPtfvC4H 71 67 22 59
6450 m6UUHU 71 4 73 44
1941 Wb6LwF 100 93 34 28
8263 MjXkeBy 100 77 72 83
8889 AhlsKGWI 100 97 67 60
10820 pq4wdWy 100 49 86 87
10989 zHWfNN 100 4 84 11
12487 bkodAHlY 100 75 47 42
13594 gY02nZ8 100 44 42 99
13913 zQp1yW 100 96 37 27
15251 SdBcQCTX 100 74 25 22
18051 B9VjIHe 100 63 13 67
89 6Cxb2IT 90 52 80 52
42 B9VjIHe 79 98 85 92
90158 qJxmV0 48 100 6 5
91959 GsFcNt 60 100 86 81
92213 vKMfG8vM 67 100 57 51
92914 7WbCEM2d 13 100 17 62
94001 tc72be7r 67 100 67 74
96331 2f0aaRdA 8 100 34 60
97219 YfLBlx 75 100 92 96
98410 v262l6uO 50 100 11 96
98824 vXHNMx 47 100 75 90
90712 DBTItDc9 66 99 1 77
90936 x278Xc7 24 99 73 24
92221 gmbU5C 11 99 56 31
92488 mMXwh7v 24 99 4 74
92643 MiIHbi 67 99 94 92
93948 hE7q474Q 41 99 98 33
95598 o6KCPP 12 99 83 75
97455 u3jdZL0g 67 99 19 76
99255 I0I2gLL5 3 99 11 68
99948 mpkgxXn 72 99 16 55
90206 f0jz5Mk 23 98 89 3
92727 7s9C0o 24 98 74 35
93365 UZEtfCBO 81 98 66 76
93739 tmJfVK4Z 67 98 21 44
93780 S6V4C2gR 24 98 87 82
94445 griXZwY 90 98 95 79
96664 wRFRw55 23 98 69 43
98724 73wvJrz 9 98 50 85
99534 6Y5iuVS 46 98 53 79
99562 FwpSv7 2 98 15 92
90713 1dD0Jn 24 97 43 79
91523 rMCGaU 51 97 13 34
92629 dVy9Z9fb 43 97 59 87
94040 gWWayrj 94 97 39 15
95502 JWqU4hUG 57 97 43 49
95888 4dlyt9uc 25 97 71 47
95891 gubdpki 11 97 28 51
96888 tLanH6Vm 11 97 96 97
96928 jovJAl8 93 97 56 89
97193 6BEbz9X 84 97 38 70
98697 vL5OXZVR 17 97 6 21
90050 M0neqso 20 96 3 96
91468 ZRxKqO 32 96 87 66
92705 ryBOeY2 33 96 8 7
94039 53nDW2wH 45 96 93 56
95449 OXSRP4s 51 96 75 18
96306 8iR70TL 15 96 49 56
98829 Hj8CbkZ0 59 96 43 8
99531 3BJwba 6 96 10 25
99970 BkQlwJt 15 96 96 77
93000 NEB00v 66 95 17 97
1055 FJxMkLKV 0 70 85 8
1950 R94i0m 0 63 62 35
1201 tEGLXm6 1 73 23 69
1455 fXUGXDTr 1 40 95 53
1569 U8HJdgN 1 14 62 52
1055 FJxMkLKV 0 70 85 8
1950 R94i0m 0 63 62 35
4403 o466JwsK 0 99 42 34
5522 NMNDVe2V 0 44 65 49
6733 KKOHq8SO 0 67 10 36
7083 thRubS 0 83 36 48
7801 bJL2Vuml 0 0 18 9
8628 dVHJr9qA 0 21 55 13
12159 Qv3xcX 0 22 56 92
12653 4F4sbiP 0 44 49 96
16930 7N8y961 0 93 7 35
21870 Wix6lF6o 0 83 21 41
23853 PEfPN0 0 39 39 66
24344 Sfm3ex8V 0 89 56 85
27171 2zpwTZ9 0 95 76 10
30520 sq84ECoz 0 48 54 15
30997 RFOcnJk 0 72 79 16
31927 YpwbPmI 0 53 81 35
1201 tEGLXm6 1 73 23 69
1455 fXUGXDTr 1 40 95 53
1569 U8HJdgN 1 14 62 52
1596 IW93wFs 1 26 22 53
3895 0g0wJz8 1 47 36 94
4861 8S2MoQoF 1 20 37 44
5123 4dmKfU 1 43 23 70
5437 0mpPws 1 76 76 82
5657 1ngPr03l 1 63 92 2
7670 s4DwXNkq 1 40 84 66
8460 NU1HyT 1 44 78 28
8703 hlXFKfK 1 97 19 17
9397 TS0FPYz 1 8 12 16
9875 53x4zPn 1 31 62 0
11829 VSzyQqnW 1 62 97 10
13168 KDG2dl 1 32 95 25
13308 SSwlFfx1 1 70 44 93
14398 PjY5V3dI 1 11 8 49
15378 8g6wMV 1 71 7 88
15381 3gfiXn 1 21 31 51
18287 412XQw 1 70 83 36
18774 hywt4I3Q 1 92 75 55
19220 ACWc96xR 1 17 63 92
20409 vVmP4YI 1 13 86 91
20576 pMD8rse 1 88 99 18
21635 sxSWcyd 1 74 56 6
22849 a0tjZ3o 1 62 20 82
23239 HZICC1K 1 49 11 61
23884 9mwuv38z 1 58 50 62
24284 1qHupl 1 67 100 34
24353 7tKGFHS 1 67 95 26
24370 1NgbPlJ 1 1 35 7
24882 9y6Dj7A 1 6 30 34
25026 wOHeT5pM 1 68 78 82
26062 2w5AW52N 1 33 80 45
27905 VJWJ88VS 1 72 59 93
28415 fDmKbj3 1 32 66 17
28505 QPpcRDc 1 34 40 22
30708 fTqomGL 1 44 30 84
32467 hot82nw 1 51 26 82
32890 c3kCrMWg 1 3 1 14
1231 5K83XO 2 87 79 77
3234 IvqEvL 2 18 66 82
3584 CsQus6 2 28 81 41
5361 AEGAde 2 81 64 14
7926 37JlZ0K 2 99 62 47
8686 U2VRr4x 2 70 7 68
9748 8DkLVc 2 45 32 17
10514 y2UqUNv 2 84 45 52
11511 FYo5HGyc 2 3 42 53
12763 0xgAQpQl 2 93 40 95
13624 Di9Esef 2 32 47 28
13708 zy9Y8n 2 26 86 82
14556 oDlgPPZ2 2 68 73 7
14557 3HD527 2 37 9 46
15049 D889gO 2 48 36 64
17067 Q0llhD 2 63 7 82
17691 gkKbBUw 2 33 78 44
18510 Ezc53WY9 2 67 58 8
19635 9qAHWU 2 45 78 74
20574 3FnmgsbQ 2 9 62 6
20702 griXZwY 2 99 100 64
22665 BepGBMDf 2 80 34 76
22942 cRsQSH 2 18 20 88
23701 IoJpTTC 2 29 41 88
24488 S5rxeNEY 2 66 90 99
24609 zHWQR7f 2 51 75 93
24766 MQ2uWd6I 2 59 13 6
26340 lFQUoADx 2 85 26 17
26382 vIQXtXO8 2 64 56 3
28417 sX8BA9Y 2 99 68 5
29017 OwtPlPA 2 44 39 14
31380 MOoF9E59 2 84 31 76
31647 QutyRx 2 60 92 1
34337 Ate2brL 2 88 53 25
1377 f9A3d0 3 75 55 49
1595 NaleX5nJ 3 89 3 5
2505 mJ7LvAs 3 14 75 66
4620 5wxcNpd 3 69 56 33
5092 rKOF0NWC 3 2 39 81
6403 Ks8Qn0 3 37 2 89
6628 5F64fF 3 31 6 73
6984 RoVPMBbu 3 22 92 64
7078 QTWFhdkO 3 41 12 25
9553 EFP8xZ 3 86 62 39
10798 97hofkJQ 3 1 42 15
10804 1YAUSfRT 3 28 50 99
11876 igwxJf8 3 10 25 39
11931 glyH6Xu 3 37 91 35
12684 lkk8CKFW 3 97 18 28
13288 cpDjRLca 3 16 24 87
14170 XSi20l 3 17 42 56
17727 AP1cPJVo 3 55 5 31
20229 nokV7B 3 4 57 78
20854 wt43HA 3 20 44 33
21320 vrKiceiQ 3 62 26 78
22389 s70Z25 3 79 55 14
22439 iJHG0m 3 87 18 21
22887 nGJVez6 3 88 31 8
25819 eMfAsL 3 88 48 59
26012 TqBKoc 3 58 62 46
26288 9DpTlE 3 26 76 50
28080 UIT86126 3 50 55 42
28833 LVgR0gXN 3 46 41 80
30798 7R28g9G6 3 35 80 67
31558 hBasIb 3 36 57 27
31714 mMsBalQ 3 38 48 1
31829 NyQxFpB 3 3 93 88
32883 1VEjnPGe 3 39 76 59
34973 7SYFKOz 3 83 61 72
1433 Fq6keVZ 4 22 60 88
2561 1R5YaR 4 97 51 83
3370 JpK7GYCH 4 35 3 18
4586 YXpP6VbB 4 58 75 46
6695 Eeevn9j 4 16 52 65
7369 qGIsSnd 4 99 51 63
7960 xnLQg0hP 4 13 44 27
8732 nko5jl 4 10 3 13
9352 ensqrhW8 4 67 93 66
9493 b6Kgeu95 4 12 5 94
9947 2baKF6UB 4 74 38 28
14049 vvFvmp 4 19 89 44
15035 fTekl4Y2 4 28 23 20
16066 xDxXruhF 4 44 20 83
18154 af19qPj6 4 13 38 2
19472 7XqELNCd 4 37 30 27
20215 QtcVMn 4 38 25 71
21728 qcVmAe 4 92 83 98
22130 sDDNCz3G 4 55 47 59
22293 yH5ubkWz 4 71 94 8
22860 dxbAo82O 4 94 28 84
23111 YBleZ0I 4 66 69 6
23519 0o5Ny6Rf 4 19 28 88
24462 6wvLZ1S 4 75 8 77
24893 d8FQ6hmu 4 35 63 41
26493 35DQDWyP 4 9 93 31
26751 SvRZT7TS 4 54 23 66
27084 70NPbb 4 18 48 55
27500 PAjhbfP 4 86 36 27
27814 CXgxUo7 4 21 19 2
28720 NIUBmPu 4 25 83 82
29662 MPfrvTg7 4 6 30 88
29868 eSdXcIwh 4 89 63 70
30409 QHNeqUWq 4 73 28 25
31012 bex8uz04 4 35 12 92
31381 36vuD6Qk 4 70 7 37
33897 sGSdvH57 4 38 57 16
34316 GVrr6yf 4 49 66 42
1185 WWqn59Sv 5 35 5 85
3475 PGpbGOB 5 36 91 51
3784 VePMl6i 5 47 47 7
4359 syV46M 5 20 36 32
4657 jEoJleR 5 4 44 79
7969 wCvxCL 5 37 33 23
10551 EiyfMhqr 5 16 11 68
10587 z9PfM8 5 28 56 73
12675 jGqNJvmp 5 66 42 6
13904 CmDOlUI 5 57 34 41
14051 cTNYoF 5 54 78 97
14104 h3LgNaF 5 43 100 17
14483 z069V24e 5 94 9 10
15407 HzU0QuhE 5 33 46 72
15574 E0e1EyV 5 76 54 32
17600 rOcxHP3 5 74 96 47
17755 8ALl4M 5 73 31 77
18679 1a82Je 5 2 61 63
18684 7MHTD6N 5 69 13 32
21307 dJvtNEb6 5 80 30 78
22431 CH56aXM 5 40 75 64
23638 JhNvqs0 5 43 33 31
24322 glkLN5LA 5 100 95 76
24433 TiCTBNP 5 87 79 96
24673 sTjMh9mm 5 30 11 4
25316 zk252O2 5 83 42 72
26408 QvzLWq 5 4 45 9
26409 wDamwvv 5 12 15 67
27214 21Nbtqy 5 35 16 26
29027 ReYsFLQ 5 61 5 30
30055 xW4rjIJL 5 69 1 38
31745 q0zNyBYK 5 93 45 90
33880 IfKen7H 5 21 14 67
34345 S6D58D 5 25 74 100
1129 ErVHND 6 22 55 76
1223 AS3nKw0O 6 50 98 22
2270 W3rQsBo 6 80 70 74
5774 7V5M6A4B 6 44 55 67
7545 8Sk5f5bo 6 20 72 42
8120 IfV1G6 6 40 19 32
8870 nV7ya9l 6 99 53 93
9244 n4RCu7e 6 20 45 54
9783 nriqm0E 6 29 44 87
10734 YMKK1B 6 50 79 11
10822 UIyuSTUT 6 71 45 63
11088 dnha05U 6 20 54 9
11117 7JmPx9 6 3 77 38
11148 VFUXOzym 6 61 7 8
11196 BdqmNMP2 6 12 85 25
12164 V7Hrk9eX 6 52 91 85
12253 Ax5WxI1M 6 85 89 11
15333 VR48cPG9 6 26 67 10
17357 uVfC93n 6 65 75 72
17426 6Ujnkb 6 38 75 62
19321 3pSjKKNx 6 23 39 43
19877 8B9qvD 6 77 44 20
19957 0A36EQ 6 69 5 36
23218 aG2bqUUS 6 63 13 69
25165 6dzBInc 6 86 66 90
27584 aflUWN 6 74 64 88
27800 l0TINT1 6 44 31 93
30213 Xma5Na 6 74 22 22
31581 S3D9tcwe 6 55 34 24
31760 5Vn9AjKu 6 86 17 29
2064 yeeNZSu0 7 95 98 14
2168 TSxM3C 7 38 50 74
3060 iJS1uL4I 7 94 45 79
3124 luAXOQBU 7 69 59 35
3789 j6RaP5 7 27 55 69
4642 rar7XE5r 7 42 28 85
6997 EQLG9FT9 7 88 28 79
7059 0ccggRMK 7 42 91 59
7399 03hTkBC5 7 5 4 90
7491 EE3KJ4 7 33 27 36
8487 7xti83K 7 1 98 64
9282 oD1dfcV 7 83 9 74
9690 616BkTwS 7 51 38 13
13300 7oJldk 7 10 37 41
14863 BaWdep 7 49 31 46
16523 6cp1xuFO 7 66 92 97
16742 OVF12bK 7 6 59 2
17512 y9HlF4 7 4 39 76
20035 1HNzFeuf 7 78 65 50
20454 DnL4wCwa 7 6 94 16
20529 VmiP7T 7 80 76 65
21174 zCFC50a 7 92 94 8
21393 TN54H2Pa 7 72 79 4
22930 4R3EdrLU 7 97 11 72
23164 X2EURu7c 7 53 14 13
25350 2mnTEX1P 7 53 61 30
31704 xbVZuM 7 55 51 83
34102 fOiH0B5v 7 22 80 44
34931 wYHWuR4 7 5 66 70
2471 HK5Fqq 8 29 63 22
3581 VPivbyz4 8 17 90 26
3774 1BCidAx 8 79 24 81
4349 NzmAfcM 8 52 76 73
5487 seMVhFJX 8 94 16 1
7682 W8nMDYMb 8 87 62 99
7760 MsS1IB 8 79 40 32
8288 GuqsCA 8 24 44 48
8451 sIsbY20T 8 15 16 35
8788 XqP5ry 8 1 2 29
10127 NejbDQfP 8 94 63 68
10245 7gXvDao2 8 97 18 68
11676 M8KecxK3 8 94 20 23
12132 XFAlAzp 8 28 12 8
14991 hjtQO87 8 65 68 97
17668 7yZu9b 8 86 45 63
17687 dIrdg5 8 27 7 27
18899 5xKuzlS 8 43 42 23
19207 64i9PCW 8 84 40 81
21775 vgJTUhf 8 50 86 100
24797 GMVcSBu 8 100 52 71
25039 qomwGGJ4 8 8 61 46
26720 Fn10gSON 8 10 93 16
28147 dv22wK 8 19 38 56
28247 UgtpSqz 8 40 85 71
29823 lBAbek 8 63 17 56
29996 KXcxrJ 8 84 5 63
30061 BjmgqEz 8 95 74 100
30187 skUxjw 8 37 43 26
30908 ClghKbs 8 31 35 26
31512 e6Te7Z 8 5 55 92
31705 vU1qNkxS 8 47 51 61
32456 EPFQ0H 8 35 41 92
33527 aDOVw5 8 24 7 76
34485 EG1QYZB 8 83 70 60
1898 J3hIVR 9 90 67 88
2465 BSrVZh4v 9 86 74 76
3579 HEK61w 9 16 58 94
4939 qqdNyju 9 58 58 65
5345 UJmvhH 9 95 50 85
5465 WmGFOMW 9 69 54 58
5517 7lCL4rU 9 97 3 53
6759 qX602qLC 9 10 83 20
6904 3raU1VCD 9 0 33 2
8484 2Zr1sB 9 41 87 92
9344 42svb0 9 69 28 99
10367 kW0rMO 9 66 64 19
11355 CKEcoThb 9 94 6 73
12554 D8TgFC 9 38 49 76
13025 Rt6Tov 9 30 17 53
14692 jk5Zsd6x 9 5 55 95
15411 sA2dSC 9 90 50 56
15444 2acn4S 9 43 65 30
16680 t3uTv0 9 62 82 1
16774 aZCfYqS 9 52 4 86
16918 SKpKE7 9 75 16 24
17054 qUBJMHv 9 92 1 85
19578 Uc8pTyu 9 30 45 26
20446 WplfK1T 9 76 71 65
20590 hIVAJehH 9 55 100 51
21880 mDSzQXa 9 16 69 2
22692 fRS6zp 9 52 15 58
22839 Pi9tPQ2g 9 98 77 97
23452 pHNbxBt 9 66 15 79
23482 Ay2EjyC1 9 66 50 20
23533 4qTpE2NW 9 10 55 3
24015 uQVpuO23 9 15 86 39
25125 3FYP2DSf 9 54 39 70
25859 vdTDioL 9 29 57 10
26069 EE5lR25k 9 50 9 77
26301 AM2Mt3p 9 87 63 87
26667 DBaNcUK 9 48 22 94
28981 dQRExh 9 64 71 77
29221 iqTAzhoS 9 20 56 27
32828 feTijn 9 8 17 31
34860 aUVDJy 9 86 94 89
1770 PT7Tn4 10 37 97 99
5958 dq5eYCJ 10 65 58 88
6115 h71pS2k 10 34 47 41
6174 DtLhUwC 10 24 86 13
6667 2qdgP0s 10 52 87 12
7362 1PuNFeys 10 86 9 65
7543 2hK4sB0o 10 8 87 36
8252 YSvcckkS 10 91 79 29
8846 QlHAeyS 10 4 36 5
9061 GlZ262r 10 49 14 62
9337 we2QHb3 10 77 98 97
10908 YTWmJ5Y9 10 36 69 55
11215 rE0vnPxd 10 60 47 95
14251 C8toVx5p 10 5 69 69
14562 xHyqV9L2 10 14 82 90
15559 gleeqlTq 10 42 39 26
15894 8w0E5H 10 38 34 14
16441 VdP3pN 10 15 3 72
20211 XTgvpBSe 10 68 68 71
21185 h67GIBn 10 61 39 10
21623 BpP9hK7 10 80 37 10
21663 sR7CmW 10 53 3 32
21780 towzVZk 10 88 59 43
23540 3iGZoWe 10 13 91 16
24352 BBx0Go 10 36 10 99
24989 ZnW6zQ 10 28 53 37
25135 izLGEk6O 10 19 100 0
26005 HPD0aHMT 10 71 67 33
26812 ppCUFMDi 10 81 50 61
29121 sLZ5sZV 10 14 79 1
30436 erYikjo 10 4 52 73
30505 hR4mK7 10 47 60 33
32440 nXh4fe 10 28 1 97
32844 Zyb1TL 10 53 15 71
33048 pj4FRCFH 10 44 37 22
34752 TdaROoh 10 43 73 16
4681 RwdL59 11 99 92 88
4995 hRfULr 11 41 80 86
6129 Nyy7Xopv 11 31 3 92
6579 meqhIXW0 11 91 63 38
6839 IzYrp1 11 78 27 97
6964 qPOho1N 11 59 45 91
7833 E01dad 11 60 65 48
8725 KoHgrnu2 11 59 6 85
8806 q6FkzL 11 27 86 6
10413 9janPUG 11 28 94 20
12898 ukBY8D 11 48 96 49
14131 d9xweOj 11 9 19 25
14265 lP8Vibz 11 50 86 64
14355 zBhReS 11 25 79 47
15228 xtCYSJ 11 54 53 50
15503 XZHJGL 11 50 46 49
16901 AdtRPlmP 11 49 84 6
17104 fu6QUhjE 11 50 100 66
20477 6owo3e 11 7 100 72
21346 59ciNmhU 11 92 36 26
21995 B2eYqjy 11 14 79 48
22547 tHqstD5J 11 65 79 96
23318 EX88U9Nc 11 66 50 45
23450 wTgVdPNI 11 30 20 61
24767 NNlXb1k 11 82 47 10
25345 Em5u6e8F 11 88 85 69
25417 NkWJS4 11 5 84 57
25808 Cduw1QI 11 65 67 52
25924 pKrdLzi 11 90 5 66
25942 e7fnpxr5 11 26 24 56
26484 twnib2 11 98 53 86
27541 87Ku3KV 11 40 42 53
29085 WIFT11 11 90 65 94
29096 OqNUTnIF 11 56 66 55
30508 YkwSWq2 11 3 69 51
34501 NyCFhqL 11 90 25 48
4036 7JfmR1 12 87 97 69
5502 YMuAKIuP 12 49 31 51
5652 7ILRz8L 12 5 56 72
5868 4GmkWQr 12 42 18 34
6469 EthKBt 12 42 90 9
6672 Vk5lhO 12 77 62 81
7120 wCaU1o 12 84 57 39
7644 mR56Aqw9 12 79 12 99
8439 xHpeRkZ 12 64 99 56
10237 UwSh8IIm 12 49 79 13
10843 AcNhHP 12 21 71 80
10960 TczK30 12 65 82 52
11248 czxUCKZ 12 18 96 71
12097 nO7kpaIo 12 99 42 64
13735 ETrf8rZ 12 15 49 5
13768 gr7bw2 12 63 47 90
13827 sr4oyb 12 85 28 28
14541 WwlxQo2q 12 99 35 56
15134 Sqr9eh0F 12 30 47 62
15687 I5scX8A 12 88 79 43
17369 Z0Q0ti 12 9 92 0
17884 eO5GMRs 12 49 87 78
23985 niHlh5 12 80 64 39
25713 VOwb7nnk 12 39 31 74
26235 JjPjyyb 12 13 80 83
27706 FC7JSvG 12 23 80 23
28266 ALM6YSSS 12 40 15 94
28311 vMESfcAb 12 60 49 52
28313 H3ivj0cs 12 73 54 71
31218 LClOAj 12 58 63 6
32496 girhEr9 12 33 28 15
33731 EfjbHF 12 60 83 63
34282 jygt06X 12 74 67 73
3476 UltYXy 13 8 40 29
4394 Wq1FY7 13 52 86 72
4972 68ENxsV 13 29 5 82
6619 XEP67H 13 95 59 96
6842 7gO7dN 13 33 24 53
8189 94BIJSb 13 75 79 53
8922 1woWgsI 13 84 75 83
9169 zyZ8sYXg 13 40 35 30
10060 8fYlE5 13 52 57 64
10652 G9JiNf6 13 97 40 64
13492 bSvLWS 13 86 31 6
15133 bGrBekMd 13 72 37 49
15661 audAE3 13 94 24 81
16845 0te3Na8 13 92 19 94
18165 2QDQsP 13 1 95 51
18478 8PjvZ7o 13 73 74 97
19160 jPip2Z 13 48 71 48
19768 T7URg6LS 13 43 26 9
20951 RaJehqH 13 40 28 81
21049 4y9HxQ 13 41 35 54
21432 ahGdwMO 13 65 71 31
22531 cbUCsjY 13 54 36 41
22980 7KAc9cM1 13 67 86 43
23897 eF8HNIq 13 11 92 95
23899 XdmZqse 13 52 18 71
26136 BMoOOB 13 90 45 100
26534 s4rVp3 13 30 54 16
26574 6hRiqa 13 78 16 27
26919 N0kOGx 13 3 75 97
26944 auKqRt 13 3 53 58
27509 LljmVzH 13 80 88 68
27702 A8jOyoGW 13 83 17 93
28649 x6V84mO 13 81 77 14
31473 BxiaWm4x 13 31 37 10
33078 56meUKY6 13 86 89 92
33175 RjGOe0I 13 61 16 87
33670 2jCd6v 13 72 46 91
33944 DwSEDMa 13 31 63 78
34154 xqfkxhFP 13 80 45 44
1390 Tk2RaT 14 15 7 20
4786 DTG228q 14 54 17 15
6384 pDuIFx2 14 64 66 58
7563 bImV6mDJ 14 96 51 17
7731 tnipx6X 14 58 30 71
11652 K4Hxs2j 14 80 10 42
12041 G9dXyC 14 14 35 39
12300 ozoQhf7 14 31 77 97
12485 Npv0Cw 14 51 47 16
13531 0AugvbN 14 4 20 35
14422 ZkO5Nip 14 13 70 95
14950 qgtEOVSy 14 72 63 8
15946 le5t9hCf 14 25 54 85
17990 8L8po0o 14 33 12 29
19255 Ak39uN 14 81 0 58
20760 VhZ8QP 14 39 56 7
20973 ErdpDY 14 31 41 25
21671 4YcRTMc 14 17 63 61
23028 rBh7xq 14 97 86 87
24017 GxWcX93O 14 20 87 11
26316 ghovCKJd 14 8 14 2
26449 bcB70Dz9 14 2 47 76
26897 TjtN9LNs 14 77 78 38
27854 YnLP7Scu 14 69 14 85
28260 ZRbwpwA 14 9 15 31
28680 xIJrK7 14 60 51 20
29492 VR2xTr 14 57 64 11
29943 IFfia3Lu 14 97 27 68
31081 VRacLe 14 20 50 58
31221 GigfY3 14 63 62 6
31702 sL30KAs 14 66 94 88
32100 cTyXws 14 12 42 39
32390 j3MBOVJS 14 19 82 76
33436 YIYLFz 14 16 87 33
1505 8HXx5iQ 15 54 78 29
3839 qdq4mTX 15 57 79 93
4263 wTgAlWMk 15 53 68 44
7497 cF2naj 15 25 64 94
8983 4MgsZaJN 15 89 31 43
10354 3yKh9i 15 59 75 53
10772 KjKOCu 15 69 25 85
11560 87O05y 15 54 47 10
11664 eNGKwdMe 15 16 33 94
11720 OigW2mud 15 73 37 47
13172 J4uyoTTc 15 40 22 25
13263 KobmtN 15 65 30 87
13381 FMNYca 15 3 83 29
13821 cZIrDYt 15 8 39 80
16151 LOR623Xz 15 80 49 100
17718 dXbxSd 15 95 93 96
19821 FLBYTp2s 15 37 22 84
19909 CB6HOEd 15 10 38 70
20821 DfCQWWo 15 77 77 85
21032 jqrsqO 15 7 98 59
22239 yGd4ws 15 53 47 19
22314 E663zdL8 15 23 14 9
24069 AatnrAEf 15 89 10 68
24546 fBZqXpGz 15 49 12 24
25006 ogzDiPMy 15 23 61 71
25743 RT0aeqM 15 10 10 69
27808 RHsFebgD 15 3 6 88
30551 KhufIAu 15 18 17 35
31077 Isi0zeyi 15 19 5 6
31606 0a1IKWm 15 41 59 92
31963 tGaajw 15 11 75 67
32283 m0jXWd 15 54 56 70
32648 uCQgh3 15 20 1 38
33918 OYPXdUq 15 78 75 21
1447 2sJkVPS 16 75 59 55
2498 D1Slvkm 16 70 75 12
6947 0GCHPJ 16 11 84 72
8196 4tJBTY 16 60 32 98
8867 gffGyKv 16 80 16 64
9255 eFgwlSG7 16 48 64 1
10232 mZRdHILU 16 4 25 50
11716 fpXVeBG 16 78 70 57
12836 rQg1FNxG 16 88 30 77
13037 18gsU8h 16 20 16 94
13163 thhHBb 16 38 26 91
13179 9Yi4WBpj 16 43 2 12
14259 Ux1vfq 16 94 18 35
15755 oYkPfMw 16 22 76 86
16166 5mSu3t 16 41 17 52
16671 wgVDGosK 16 10 46 80
17396 1PVrE7 16 86 86 20
17604 Gbrlxu 16 85 54 52
17607 3SIvCA 16 57 96 82
17758 T566QSR5 16 35 81 9
18393 Jnw2rbQO 16 99 27 19
19960 0pQMJy 16 9 37 5
21191 AaAZpgxO 16 12 38 25
23387 mOjtSQn1 16 12 60 68
23641 AM2Mt3p 16 83 65 24
24235 Ijd62TaP 16 49 92 78
27242 xC4JyNqy 16 86 15 84
29191 614zbc 16 50 40 70
32090 Q30KkPE 16 78 2 1
33409 icehU9Cs 16 49 80 96
34298 xYzf18 16 63 63 5
34505 HKu3tt 16 70 5 22
34653 FPj6wGoS 16 20 76 8
1998 Hcla7b 17 62 41 29
4343 WqSmU6S 17 66 93 88
5235 7P6ZVS 17 22 44 21
5742 A8t0KK 17 20 67 68
6726 t5V98y 17 2 47 5
7139 md3OuIb 17 25 66 56
7152 1sNr4nP 17 67 23 40
8277 CJ0gcM08 17 41 84 3
11694 GMVUCsyY 17 33 33 15
12008 om1atN 17 99 20 85
12050 Ak6Y59T 17 34 81 49
14182 jId8ZkLr 17 39 53 36
14595 hnjjEA 17 43 80 19
14603 epcOS2l 17 12 65 56
15264 qSJ5u6 17 80 12 48
15319 q3Oe14a 17 62 45 74
17148 2R9dPe 17 20 21 41
18452 Khzekru 17 93 18 10
19279 pJfyKXR 17 15 78 30
22201 ntW9MXU3 17 16 44 73
23240 xN5evD 17 80 71 87
24932 KUgoka 17 32 71 91
25547 hFoIk6 17 51 85 96
29020 IQVnpI 17 25 92 89
29871 RhvHzpF 17 87 65 75
30461 Asmbk8Kp 17 13 95 40
30514 ToQciGZ 17 68 27 41
31835 qXibAQwB 17 3 72 28
32823 t60IBm 17 58 35 87
33397 a6sPaRXg 17 9 50 7
33560 7lLaj6 17 60 83 71
34033 DG3upo9D 17 61 93 12
34083 9HkxPqe3 17 86 41 5
2304 CkDLok 18 8 84 31
4041 KebtK1ZL 18 22 25 17
5837 9wdlOA 18 63 79 38
6556 0CO8xX3 18 77 87 10
7535 rMjHy8f 18 27 58 3
9232 sCu8el1 18 75 24 50
10065 mv6ytRqq 18 56 56 59
10487 UYCm85E 18 80 80 24
11308 f3tOXndh 18 1 3 78
13425 G87MHLbv 18 99 38 50
13709 0lmeVG 18 89 57 47
13795 LPJATTF 18 60 7 20
15996 QsYfrDoX 18 70 99 48
16986 WIRNDo 18 84 82 5
18005 diiHxEE5 18 97 25 18
18147 ul476oh 18 92 39 52
20735 A1kHzkb 18 50 18 34
21856 AMuHyJ 18 14 86 33
22220 BQKNG32j 18 51 97 12
22419 BislKuiY 18 71 10 99
22874 3DxwPsnf 18 38 23 75
23789 HiAjvQ 18 77 88 67
24016 65Y52Sqh 18 98 59 53
24969 dHALdP 18 98 69 23
26190 em5UuDKM 18 97 82 87
26973 Gjp8Mb 18 35 56 90
27104 i6BeyGhs 18 19 69 51
27560 wNJmdBUK 18 43 70 74
28414 VoMszjOk 18 58 18 34
30758 vuuGdAk 18 39 89 47
33538 6REG5sE 18 66 96 88
1299 L99M4wA 19 54 16 81
3355 qbeQpw 19 63 95 27
4031 rtpd9f 19 42 89 94
4655 R1a6z9R0 19 40 68 5
5340 usUJz9 19 24 53 63
6585 cX7PCe 19 36 83 29
7744 8RIxM1lE 19 78 7 72
9557 sfUHrgIX 19 31 36 39
10123 YkpHAM 19 82 52 44
11048 eAIYzf 19 61 80 32
11611 kSVlgvRK 19 47 67 18
12352 Y6H564 19 83 91 17
12886 8e55jW 19 83 11 89
12942 0Tpzj5n3 19 38 64 3
15357 H4xrElx 19 24 68 45
16968 Ez8QYi9 19 21 91 16
17975 LkLt0ZK2 19 77 2 70
18061 uLFi2Cy 19 51 5 70
18660 iVqgS7QU 19 48 51 55
19784 KPw18oa 19 17 92 54
28011 aPfQtklx 19 61 23 76
28760 lBfJug1 19 16 91 84
30241 h98XMm 19 91 10 23
31440 Ti2xC7NX 19 30 18 80
1162 eoB2Cv0t 20 90 38 28
1922 ydb8Jg4q 20 93 96 3
2172 QxK8XV2 20 97 72 18
4071 c09P0Mw 20 86 54 46
7048 LPZCFfkf 20 18 42 79
7062 8Wb6Ttgk 20 11 23 62
7484 ccsQuFsX 20 88 85 79
8857 4LYpGxYZ 20 53 2 91
10880 CthOT72j 20 22 86 25
10882 EB1JzClz 20 61 49 95
11163 8mtY24i 20 8 73 19
11797 wJbWax 20 11 13 82
13942 S8ApDG 20 15 68 95
14608 32KXPyYB 20 25 49 76
14912 sEjxIS 20 69 47 79
16458 GbnCrJ0 20 41 41 26
17063 MnEWcoT 20 18 53 46
17438 ucL62TB 20 90 64 71
18261 nlGpBbD 20 44 3 36
18828 k81pG9 20 51 94 49
20664 x6EnRa 20 74 2 88
21057 I44tKLL 20 75 81 65
22647 jweuYgVA 20 50 38 2
24691 7BVrSn 20 43 44 64
24939 7jBj71q 20 75 76 67
25209 eC2X3k 20 53 42 98
26346 Mf6sjz 20 72 59 45
27313 vjAF5Pr4 20 79 31 38
27409 EzeNjXHL 20 37 85 57
28406 l6mnMr 20 35 28 85
28410 fCSZVm 20 67 18 41
30142 dWZrOEX 20 40 54 57
31935 dej5oMEL 20 16 44 38
32524 jR1xVl 20 19 68 1
34237 XYaALcCp 20 50 43 93
34646 OaCQVO 20 40 24 29
2214 DvJn7cmj 21 31 45 65
3206 OmAxll 21 42 54 66
3394 JN7qsm 21 47 23 12
4429 ESCRGVO 21 74 79 70
5149 uADuG7 21 68 35 26
5564 0t7q4A 21 74 8 50
8659 2vAzyjEQ 21 36 26 80
9327 8Jinwb 21 4 13 22
9751 4zNbSNA 21 69 86 64
10119 NH5XJtyB 21 45 42 28
10476 gVtvc2 21 62 80 56
14213 cmbVUpDj 21 7 57 10
14323 eWqaAC 21 49 57 16
14908 0R5RDZ7z 21 59 37 46
16045 lNT8TN 21 53 51 25
16303 mdE6ga6M 21 5 85 18
17949 gy05enfa 21 68 16 93
18513 ACROGr 21 56 71 31
19152 nc1IfJe 21 51 21 30
20440 RSZNRE 21 40 16 66
21153 hIRkss 21 91 28 13
22120 IBduV9e 21 35 65 2
22463 3dSY1Fw 21 77 85 7
23182 tQ38dxA 21 12 40 69
24917 47t3IdP 21 91 11 95
27061 mvWMGoN5 21 47 77 3
27784 kavRgE 21 64 72 80
27817 Ts5lnMk 21 23 75 91
27894 6dIHMOP 21 60 75 2
28095 CPgOEH 21 20 94 96
28924 vduKM3 21 49 34 69
31839 Z5x45ZoF 21 82 67 51
32391 om2U7X 21 56 29 9
34044 GZA57dv9 21 83 67 58
34279 NzhULMB 21 53 57 30
1395 1rRCAJ 22 15 6 35
2238 Zrzkefg 22 50 27 96
3831 9BKrjfL 22 35 24 83
4018 urBlPVN5 22 67 7 75
4061 QIf8RvR 22 12 4 5
5399 nSiE8i 22 11 65 25
5746 pCETm8 22 13 15 22
5753 wvR5U8X 22 40 99 92
6307 alGxT7r 22 82 22 87
7132 JhEoe2Lr 22 77 65 73
8495 NWEQmb 22 25 37 11
11102 V8MGmptF 22 44 43 12
11226 QWLDzE 22 48 28 52
12503 ydfu5D 22 36 10 86
14098 rUElEz2F 22 93 95 95
15599 ggSIzTAX 22 50 62 55
16212 WItFx7f8 22 46 57 4
17861 ErxpHe 22 29 3 59
20676 mHcHll 22 5 66 25
20804 OjpZ1mgI 22 44 44 36
21914 KmLXBr 22 19 29 59
24001 7fWlCu 22 59 76 72
25331 Zv9KEhc 22 36 50 95
25803 vpYoBE5L 22 66 53 65
25842 D0Je2Ke 22 75 70 72
27585 0LCOWS 22 46 60 88
28391 FaaoF380 22 28 65 41
28589 A7cTEfcb 22 11 82 40
28727 ZhirQS 22 61 98 26
29277 1KVOT9 22 16 28 20
30548 6RQ7f1Ks 22 94 40 74
30754 kzBkSZl 22 74 84 89
31120 1UfEXVG 22 29 69 11
31862 FQZ9omt 22 32 88 66
33305 9HAsQb 22 27 87 14
1159 14TeNRZ 23 10 46 43
2394 tblHPPaJ 23 43 93 79
2526 pp2QP5 23 67 97 81
2797 OAn3Y6w 23 41 45 34
3005 2sinR2 23 5 79 89
3111 vLKSN21 23 54 65 33
4015 ZHwiekkq 23 70 63 63
6128 n7ouU6d 23 86 89 5
10316 HVhdop1 23 100 68 99
12312 XIQmtenA 23 83 63 65
12846 EU3hF3 23 14 2 66
13306 xsOzNc2W 23 32 33 60
13870 pWgG4dh0 23 19 86 24
14001 7VFoq2d1 23 65 66 96
15524 wNWcVKa 23 51 80 85
16583 Sj5w1OQC 23 88 6 41
16587 FWT0ZnJH 23 93 95 58
17617 g7m6H10T 23 68 46 10
20424 y5teghTD 23 50 16 29
21086 XORm6Jg 23 28 51 57
21584 LTzIMQ 23 65 67 51
21836 M2JpQi 23 90 12 52
21996 dkgwzD 23 9 80 23
23598 XEwAMJv 23 87 2 47
23830 E8RVWY 23 93 64 24
24348 aXaVGMZ 23 85 82 100
24395 YoKBtJpS 23 46 11 29
24603 B80wriK 23 93 86 52
25283 0uehCEA3 23 12 98 86
26866 sZIpWN 23 29 6 74
26892 kOFCLXQF 23 48 88 7
28161 nHz1RH 23 35 39 49
28232 grhqla 23 95 90 42
29562 Twkv8U 23 30 18 93
30638 XpmzkdwE 23 66 82 59
30806 4GIcQT1C 23 39 32 34
31700 kBaZGO 23 70 97 69
33261 OabIymwe 23 73 78 15
33851 DUQIFtyG 23 72 87 99
1866 HOdx7nGF 24 31 84 87
1918 pRx8gA 24 6 25 78
2836 zLPoodyI 24 76 21 81
4046 vlb9Me1p 24 25 39 5
5088 7V5M6A4B 24 5 63 75
6813 IkSBLW 24 84 67 79
7629 LY3cNUlW 24 42 88 30
8159 wQoOlws 24 98 97 7
8642 JZ5Utmg 24 61 54 95
10440 qQaWUe52 24 76 82 7
10712 JhPmAqS 24 65 27 23
11142 VZMJDHKX 24 30 9 37
11890 rfru3Bk 24 31 59 41
11978 iSL8ag 24 46 8 93
12463 1MszWFOl 24 13 7 54
14006 2Q9qrXq1 24 76 83 65
14458 JT39DQkT 24 8 37 41
14481 aLWXY7MH 24 4 26 63
15878 eOYAiGg 24 80 22 74
16455 qqHLw7eo 24 76 87 56
16758 l8bmNrQ7 24 12 99 40
16762 Pd7cEo 24 2 19 58
18482 xmxXf4It 24 76 9 33
21787 U2ss7a 24 64 22 58
25328 9haJCf 24 50 53 55
25587 kxCi1I 24 26 5 99
26664 c7rnvn 24 74 75 10
28862 UnTBe07 24 26 72 19
30697 VUbqvl 24 8 14 92
33296 rhDjaN6 24 95 39 55
33450 XKD9a1X 24 74 24 22
34212 s5s6lF 24 64 4 96
1694 04gqf6gM 25 80 11 68
2312 nHrx2BFj 25 47 100 60
2326 A73Zx1Au 25 94 16 13
2532 jocO2EeM 25 95 32 9
4398 67VeuT 25 81 71 74
4405 5JgDij 25 17 89 70
4630 PjMPK15 25 45 85 40
8670 IKYlKzl9 25 47 95 93
9017 CiaQXuY 25 17 26 73
9432 Eurzud 25 48 65 73
10597 bNZ54O 25 66 69 1
11216 xGWCjd 25 1 16 54
11314 XD87DHM 25 83 88 72
11358 7I1SsR 25 81 65 66
14296 v9NoWi 25 41 47 60
14744 1cqpvXE 25 13 16 41
14887 M3TEilp 25 49 13 59
16131 M8Mu2o 25 21 88 94
16907 OSKa1s7 25 62 99 9
17759 rkLJ1i 25 24 13 1
18225 OMQ0Gp 25 19 25 34
18315 kI5zD2 25 40 30 2
18437 fPbz3LC 25 42 17 33
19147 5HLFC1rM 25 99 58 30
20946 FZYdZf 25 41 90 4
21388 L1XlNYR 25 97 64 61
21910 sRTsQJd 25 20 36 60
24444 EmnImmtU 25 51 56 32
25108 h88GN0Qw 25 27 86 66
25844 6AtBz0 25 10 15 2
27494 BkSTGL 25 38 91 3
27956 GBLRaW 25 91 20 34
28350 BYSiS5 25 52 19 17
30828 xoHoouCc 25 3 0 10
32913 wu4WKpuQ 25 68 43 66
33484 zpnz5G 25 15 2 93
33621 wRgWlLMD 25 65 6 41
34010 dhakGGj 25 69 35 25
34264 1yRGHVDf 25 90 7 87
1873 6uMD8wX3 26 67 38 7
2354 LgFGIq 26 44 81 20
2788 8qSnuS 26 4 42 13
2895 l7IHpHM 26 86 71 72
4323 t4bQJL 26 68 54 76
4399 QGAaUF32 26 53 44 50
4462 qVtLhho 26 98 31 33
5171 87Fvv7 26 39 39 23
5885 qBOLDQhZ 26 51 71 86
6330 hgVqCr 26 37 67 24
6697 WJvyYq 26 65 26 97
8048 CH8mn8A 26 5 20 2
8440 DiwNoq 26 42 24 34
8465 1QUcq5r 26 50 88 43
8960 D0hAw4V4 26 17 2 81
9192 qLTrFp 26 53 61 31
9340 KTGWtB9k 26 39 25 5
9399 1FpGDl 26 47 92 44
9618 TvIozbb 26 91 60 91
10003 M3A66Cz 26 4 58 35
10017 nPnoAXCh 26 57 1 14
12114 e9Trv2Bl 26 60 35 54
12813 DtjGLK9F 26 64 38 85
13102 HWe6AEGH 26 31 66 63
13685 ZPvwAX 26 55 81 67
14816 AuCZu0F 26 41 35 81
14845 CVXZCbc 26 31 55 68
15841 0P1w8T 26 48 58 1
16146 cRv0cDlI 26 86 27 32
17716 ztfVetjP 26 40 22 28
18218 NWrBFt5N 26 20 28 67
18746 zr6ri3 26 70 82 29
22237 mVLgk8 26 26 84 29
24270 dUICuH 26 63 80 95
24781 YpiRN6 26 45 67 70
28284 RKzjt0N 26 38 58 50
28650 cFWeBzTS 26 6 46 48
28963 DKjxBfCJ 26 62 7 82
30219 OwYf0S 26 6 12 16
30978 090bDm 26 8 93 64
31067 vtrXyD5 26 32 37 47
31453 5hbZnp 26 61 56 24
33081 fjIFZ0 26 72 40 86
1269 ugpEMC7 27 68 16 94
1373 Vd1B0x 27 92 75 58
1795 oU9m0B 27 54 69 95
2879 OrysRRg 27 0 6 44
6243 AU4XvCT 27 52 13 52
9243 tKv2jR 27 10 92 66
10433 ZUJWQC 27 72 72 81
11619 H5egmUD 27 10 90 64
12040 RrvDSr 27 4 66 61
12824 A0heZqa 27 63 36 20
13515 cuGkkG 27 88 43 97
13684 4sirVV1x 27 30 48 71
16293 CpGWl4H 27 99 44 50
16371 LoCB7c 27 84 82 66
16847 WdIqHsB 27 86 45 17
17462 Zs01o1 27 68 66 70
19411 7STOZk 27 5 39 0
19464 qVQnJEN 27 22 19 54
20456 fWWUra 27 98 86 7
23595 lfpHeN9T 27 84 59 73
23600 ghseY6g 27 24 44 32
24027 wwwDX570 27 42 10 24
24396 7dddOWX 27 92 33 22
24587 yj1O0V 27 98 39 40
25029 q6Csao 27 58 6 73
26238 D72pCoP 27 42 29 64
27506 7cydCq3R 27 79 9 80
32811 FHrSMh 27 68 24 2
33692 st0ZJ2 27 31 33 85
3750 ErLvtk 28 51 5 85
4378 aKv9gB2 28 73 0 13
5060 2996Jw 28 39 16 3
6211 wDxbomk 28 39 42 90
7472 OJ1d0xfq 28 56 40 32
8459 oXYprn9 28 61 39 71
9910 xifFhxV5 28 55 17 56
10269 x2RHz0VO 28 77 55 69
11294 haEE0dD 28 4 14 34
11999 4Tuf7EA 28 76 64 72
12627 npYUhrG 28 56 64 45
15427 t93cEaWR 28 95 84 67
15854 LHV8iV 28 99 78 5
17528 11xPvO90 28 80 14 34
17588 y3qgQBV 28 35 61 77
17621 rmEbBuF 28 26 31 49
18082 MnWrfZ 28 13 80 12
19779 t1eBQG 28 72 64 41
19801 iSWSab 28 25 81 1
19884 3n5Agc 28 52 13 70
19898 vd7I82U 28 3 6 81
20455 DdPNNEN 28 79 61 52
21093 hBQpr32 28 56 11 59
21267 TZ9kyt 28 73 25 11
21928 L8oSib 28 87 59 5
22223 DkhaPl 28 62 80 87
23102 yjLIOBEw 28 4 76 76
23800 1hfH5yQ 28 4 27 10
24839 GQDp0g 28 56 6 42
24924 lpjnkJQN 28 77 30 30
25840 RqpAlx 28 84 45 15
26143 fIgokLz 28 96 54 0
26527 SyExv3 28 74 35 54
26681 WQUR5Pq 28 53 52 36
27972 Clb7vS 28 76 34 11
29639 MebQ1DT 28 60 33 89
31631 KpBdijr 28 49 46 82
32108 3obR1p7 28 12 89 34
32600 1turirvT 28 94 79 3
33459 VVFvWB 28 1 99 80
2713 qjKTMl 29 72 5 51
2988 zmeSDE 29 2 96 95
3289 kxxnFqrA 29 62 90 36
5156 MmDh3DBq 29 15 15 36
1055 FJxMkLKV 0 70 85 8
1950 R94i0m 0 63 62 35
4403 o466JwsK 0 99 42 34
5522 NMNDVe2V 0 44 65 49
6733 KKOHq8SO 0 67 10 36
7083 thRubS 0 83 36 48
7801 bJL2Vuml 0 0 18 9
8628 dVHJr9qA 0 21 55 13
12159 Qv3xcX 0 22 56 92
12653 4F4sbiP 0 44 49 96
27 J06GbtYz 10 33 22 52
33 JuMKEt 13 15 96 75
90665 AQK8Ta 98 0 33 5
90711 vu58EWBr 9 0 62 32
90773 whcX2kC7 23 0 41 85
90780 LlITtJ 4 0 16 22
95248 hu9gs1eb 13 0 94 69
97473 VDReg7dz 79 0 58 85
97761 xP8UqSxu 64 0 68 53
98652 eJvXvLc 60 0 63 92
91120 8ZRUiW8 84 1 38 28
93772 rispbbQe 18 1 65 81
94705 dRZ29fC8 26 1 81 29
96032 uArUqHV2 13 1 72 70
96090 WlGewQHj 89 1 10 45
97046 XcCf5TT 12 1 63 33
99026 JLKuyqbl 59 1 69 54
99257 tgOizF 18 1 51 97
99302 0xgAQpQl 32 1 30 5
99600 6REG5sE 8 1 67 19
90386 84wP4owW 100 2 72 81
90997 jprAD4My 13 2 48 14
91482 kb4X6dxn 26 2 7 22
91852 VuAR4ig 8 2 64 23
93680 7r6f7M 33 2 94 78
94579 tKtsJxX 91 2 68 39
94862 W5fc1GoI 20 2 28 50
95208 EukhgBN 11 2 18 83
95347 569M6OIe 33 2 67 9
95643 vpjKNmZ 50 2 2 12
97296 A4Iaxd 79 2 52 68
97336 pep34a 22 2 6 32
99077 3v4nrD 73 2 27 69
91879 sm7VROi 15 3 97 13
92186 3Px6kzkf 48 3 59 10
92646 n2BOnf 77 3 100 6
92853 XLn2g9EY 17 3 83 60
93208 OWSsPl 29 3 42 5
93667 ZZmAxO 54 3 32 17
96169 F3wVUJ 51 3 19 43
96489 MROYu62 65 3 35 33
98067 o9WiF3Lt 80 3 83 27
98222 WfzzjelJ 16 3 62 31
90020 gJEbOfS 8 4 18 94
93951 FlRGfHm 34 4 94 75
94011 7WqhM4 63 4 68 7
94183 s1TzdpG4 80 4 13 63
95466 yBUZKSm 0 4 3 13
96680 nXdP0VN 81 4 96 52
96960 qJ32anE 10 4 47 1
97391 SUDpQ2iQ 6 4 22 31
99424 Jhb4um 41 4 71 31
33 JuMKEt 13 15 96 75
284 u66Q5Hy 64 95 96 22
453 aYaqqxW5 22 12 96 33
497 74a5sBuf 54 92 95 30
555 OfYL3l 63 11 96 41
980 CW9kiBn 51 79 95 31
1148 Bfh6lu 51 24 97 91
1223 AS3nKw0O 6 50 98 22
1292 6l8q83tC 39 71 95 85
1455 fXUGXDTr 1 40 95 53
1610 FpYUXeJU 59 10 95 3
1770 PT7Tn4 10 37 97 99
1773 TL8xSJNm 55 25 95 47
1922 ydb8Jg4q 20 93 96 3
1945 lZ5mNwi 80 13 95 76
2020 lOgwytcV 54 21 98 35
2064 yeeNZSu0 7 95 98 14
2312 nHrx2BFj 25 47 100 60
2360 63U4i9N 70 79 96 31
2526 pp2QP5 23 67 97 81
2870 Be16Ea 64 43 97 17
2988 zmeSDE 29 2 96 95
3084 pDwwzoor 92 35 98 20
3355 qbeQpw 19 63 95 27
3668 ULUDw6 34 23 96 52
3843 GKHfGpR0 92 10 98 72
3971 JRdAjOs 46 65 97 96
4036 7JfmR1 12 87 97 69
4485 pB0sAy 67 91 98 14
4803 0Qvb9T 71 86 96 75
4864 Rqouiaap 67 87 96 20
5753 wvR5U8X 22 40 99 92
6565 2i90kk 81 4 99 11
6632 SMo9jW 32 17 96 41
6765 OflFXqtv 38 64 95 73
6781 sOvLsUC2 97 67 97 24
7140 1SrFHUxN 53 74 96 74
7696 pMA6xZB 81 7 95 73
7750 NQUgJHB1 86 11 97 68
7785 mOK7ag 56 53 96 72
7839 29ftqN6a 66 80 97 78
8056 sZzyncD 54 43 99 93
8159 wQoOlws 24 98 97 7
8349 rPo2SA 91 24 97 30
8439 xHpeRkZ 12 64 99 56
8487 7xti83K 7 1 98 64
8670 IKYlKzl9 25 47 95 93
8786 ems4jFM2 96 41 100 89
8864 tzcvr3vF 72 40 99 98
8877 VrYZrwe 40 79 98 18
9337 we2QHb3 10 77 98 97
9646 m61rlLBM 50 18 100 77
10181 hSopqde 49 43 96 66
10234 SyQ2G45 66 55 99 31
10267 M1boLS 91 61 100 57
10300 fwwasZ 35 34 98 32
10336 dDiNhK 84 18 98 41
10375 wKYZwXL 36 99 97 39
10635 dsUE4en 52 84 96 83
10753 zceQWh2 78 21 96 89
10919 rY0DgI 84 49 97 84
11248 czxUCKZ 12 18 96 71
11829 VSzyQqnW 1 62 97 10
11975 eoj6PP 34 66 99 92
12406 zyRQpq 78 59 98 28
12898 ukBY8D 11 48 96 49
13042 hCaUYEv 82 90 98 37
13168 KDG2dl 1 32 95 25
13469 yTdzil 90 33 97 49
13602 OwHsFhP 87 4 95 40
14098 rUElEz2F 22 93 95 95
14104 h3LgNaF 5 43 100 17
14211 Y6X0vH 70 79 95 42
14298 aa9LXunR 40 94 95 83
14467 uVPZV7fq 53 42 97 9
14803 6NPPAPih 46 65 96 89
15553 dIrdg5 64 34 99 20
15923 LSgyHTe 69 3 96 88
15996 QsYfrDoX 18 70 99 48
16243 Vg9CLkJ 88 76 99 100
16260 QyMaFvUO 40 63 95 73
16314 fkidHTgb 90 68 96 88
16587 FWT0ZnJH 23 93 95 58
16758 l8bmNrQ7 24 12 99 40
16907 OSKa1s7 25 62 99 9
17085 YwxfVs 98 36 97 19
17104 fu6QUhjE 11 50 100 66
17362 7o4oPG 43 4 98 98
17455 i7yCquXP 78 62 96 78
17600 rOcxHP3 5 74 96 47
17607 3SIvCA 16 57 96 82
17641 99Apa84 88 90 95 81
17967 1ehUwZr 79 48 97 42
17999 BcMjpgp 72 61 95 50
18165 2QDQsP 13 1 95 51
18189 4xBAiIE8 42 80 98 52
18244 5LZZdS 96 59 95 17
18294 2WGhZH 66 39 98 49
18536 K9XH8FMp 46 56 97 92
18865 xeF99RM 43 63 98 65
18966 7LgWRp 44 0 96 83
19001 xfr2L7l1 94 72 96 4
19880 x7eLFz 43 87 100 95
19918 8F4ddm 92 58 97 37
19936 BkUdMD 76 20 95 27
20477 6owo3e 11 7 100 72
20576 pMD8rse 1 88 99 18
20590 hIVAJehH 9 55 100 51
20702 griXZwY 2 99 100 64
20738 ZPsviJ 53 46 96 49
20765 FMVT51 36 83 97 75
20767 J0wf7rC2 89 75 99 25
21032 jqrsqO 15 7 98 59
21197 C5hjIM 39 57 95 26
21411 WmnOPtR 63 79 96 49
22204 mKcMGA 86 90 96 59
22220 BQKNG32j 18 51 97 12
22715 erkmudnX 40 66 97 99
22832 6MND6Wb 88 59 97 75
22901 RJF1nSnk 33 45 99 14
22912 CAQQZ3 59 42 99 16
23077 lxDM5tB 72 63 98 99
23093 GN03IZf2 34 15 95 96
23222 Te2t6aE 80 1 99 40
23243 ixNBGh71 88 8 97 29
23510 sCu8el1 72 58 97 60
24143 PRuDCG 58 86 95 20
24242 g6EX6IM 95 57 99 92
24284 1qHupl 1 67 100 34
24322 glkLN5LA 5 100 95 76
24353 7tKGFHS 1 67 95 26
24454 JjR0lJ 70 98 99 74
24541 gvNQNGD 47 50 97 62
24654 0Fetht 83 52 95 100
25135 izLGEk6O 10 19 100 0
25283 0uehCEA3 23 12 98 86
25665 xfvKEzM 78 40 96 55
25825 tzVqap 38 3 98 31
26036 y5ocrC 93 6 96 37
26060 T7irwV 57 56 95 72
27093 wdkwJO 55 74 96 2
27477 54ktEng 63 5 98 41
27614 qhKLTpqG 81 71 97 49
27811 Al5pgya 81 4 100 84
28040 ZLzlTfyH 72 52 98 12
28134 clN17Q8X 81 35 97 83
28227 bBjWWHG 66 19 100 70
28443 NUljvA 86 54 95 20
28727 ZhirQS 22 61 98 26
29530 iyIsFx 86 78 100 3
29617 fheGNo6 30 39 95 26
29691 C5ZA6y 59 68 96 87
29948 OZG6mms 98 60 96 9
30058 kqWuv7 46 95 97 82
30461 Asmbk8Kp 17 13 95 40
30475 N6Xed886 71 61 95 8
30483 5tq1uoF 34 35 99 95
30905 5C8njug 71 7 97 73
30935 UBzhnHA 98 66 98 61
30936 T2AYzyU 78 43 98 88
31168 W7bdagjB 50 47 95 10
31556 NteqHSt 49 85 97 27
31700 kBaZGO 23 70 97 69
31883 uAVmgRUm 77 19 99 11
32184 ipzDko 43 58 96 96
32268 q3Oe14a 83 52 96 18
32594 iHAEki 72 12 99 46
33395 W1GISom 59 8 96 64
33459 VVFvWB 28 1 99 80
33466 LTlqgyCg 93 75 100 1
33538 6REG5sE 18 66 96 88
33636 h4xShX 37 23 95 10
33836 ZIzxBq3 89 11 95 67
34104 18eX3m 67 91 98 90
34353 NrjMgSf 93 76 96 9
35566 I4p0fr1 85 9 95 44
35667 5Pu0fj 3 1 99 54
36293 mPNha9 68 14 96 21
36314 BAHyblxB 71 98 96 26
36411 pDgbMP 53 28 99 79
36490 SbK1hlS 64 25 95 82
36757 ihyL7O 91 49 96 66
37057 IznVRqX 64 33 95 78
37280 4wTpiGa 6 28 97 71
37921 p4TO1SiO 50 42 95 18
37925 6GpZ8o 5 81 95 18
37941 u3xuUHso 38 3 99 50
38209 9sifG7m 46 55 97 53
38221 T6liS8j 38 92 98 76
38407 KYdwsG 46 43 95 58
38445 kNrW0o6 61 40 95 96
38503 oo771y 45 90 100 78
38668 57QsGKUQ 6 61 98 71
38705 VJbpjVol 45 96 96 88
38795 MBaZlgg 54 1 96 23
38907 p0a6uCNi 67 52 100 43
38960 T1DYkBc 82 3 98 28
39338 WilXAa 92 84 99 8
39560 N61PRJL 73 38 98 17
39612 c5sVmf 77 23 100 56
39815 epmVQXJ 66 20 99 43
40001 gWlwJFqt 92 34 97 19
40117 ETmT5Uyo 43 4 98 43
40138 2gJr9KHG 50 49 99 14
40175 nNth7D4 6 88 97 87
40249 0IUOYZy 19 78 100 9
40344 F4rfw6 12 12 96 80
40415 fjw7VZ 73 34 95 39
40974 vezgNST 91 35 99 50
41371 94pykbw 0 40 100 49
41466 KnXmgrP 43 10 97 78
41810 2oHYzXb5 97 3 98 91
42314 AS3nKw0O 32 19 96 40
42404 Y8YibUB 63 48 97 10
42576 ewVCvA 54 26 97 7
43163 439XjXFT 55 50 97 72
43244 ldFA73uY 37 66 96 21
43295 9zkeJB 62 54 100 69
43314 3AW2sU0S 62 75 97 0
43538 WdBnIWYz 89 36 95 59
43547 ynjCF2F 83 53 98 64
43610 uCtWqnQB 17 15 95 47
44137 ugEn7wqb 85 52 97 30
44264 2L4jWb 28 87 99 46
44331 1XlpAJ 44 30 98 14
44366 oE3dRB 84 8 97 32
44515 Jy9YiVou 31 17 97 57
44538 ISNOK5rJ 49 57 99 33
45481 dVEQbwZ 77 21 100 48
45608 BHwUnNB 75 65 96 34
45805 VAxv5SK 19 8 97 88
45843 7xcry4MV 47 38 98 1
45876 vHGArm0 0 85 96 1
46226 DlMp22g 23 37 96 58
46366 cP6qFoU 48 63 95 98
46539 qxGzTBk 83 28 100 85
47349 Gu9LaGk 91 92 96 85
47385 ZLwjYU 30 25 99 53
47536 Du2mBh 36 45 95 20
47563 yHl7cvB 15 97 98 41
47702 H1jzEguM 78 7 97 4
47904 zgeaEZb 68 7 100 96
47991 h25oud2n 70 38 97 67
48268 NX9tywW 32 21 99 4
48527 IQUqByi1 23 21 98 52
48715 QDHDZc7a 46 21 97 41
48829 1sFMLQfZ 43 86 97 72
49303 nBFa0Y6 77 88 97 83
49419 gBKa0uQA 47 79 97 96
49512 qLu08Lnk 10 81 98 69
49649 mT6CoL 54 69 100 31
49709 q4sJDkMj 97 5 98 8
49761 a1I3d1u 12 91 99 74
49851 9qaJOouU 66 52 96 34
50559 WjmqhCPg 99 85 96 24
50605 hc2vD4 86 58 100 77
50611 Q9i3oe 43 39 96 51
50756 TJWETi 90 32 98 23
50854 M4WzPg7 63 24 96 13
50858 k0ogfKy 1 22 96 62
51100 32oKfC 75 12 99 78
51301 xFWw5d 36 16 99 8
51410 c2uP9Ds 14 22 96 84
51464 N5wqjLJ 79 3 97 72
51488 mVJLR9 42 30 99 85
51987 amoeOXzF 91 40 96 87
51990 GOMIXk4I 43 78 95 56
52020 VcLyKa 52 17 99 38
52041 xAZHtcvn 58 20 100 89
52254 V5PhCc 44 98 97 90
52385 lGVQB7 51 85 95 4
52538 g65HkB 96 88 97 49
52624 SU3G9EUT 43 71 96 85
52645 Kq96qVl 56 0 99 53
52711 7fjf7fb 66 35 97 56
52968 erJhhX 25 45 97 43
53260 IRN4AEVM 15 79 97 11
53461 QPyzcB 10 82 99 31
53662 BjXD3cq 18 91 97 24
53837 Ey7ZLITt 38 25 95 45
54029 qYCADqZ 49 58 99 67
54323 hS5GJG 85 84 97 46
54751 HjEiXO 69 52 96 57
54819 3AS7JWo 17 84 98 99
54824 ohZI8u6 62 67 100 71
54898 ulbKQ9p 78 89 97 84
54904 GdstbS 66 93 97 11
55061 YMKTH3 95 70 96 18
55124 crRsxbr 99 62 95 80
55267 pIZDrLS 31 50 98 84
55340 tvoyOcZe 69 75 95 71
55410 qKw3rzTb 28 13 99 44
55458 pg3s3j 51 76 96 36
55594 syNaDSN 55 92 97 16
55922 vhClLJF 81 57 96 21
55947 hIB9EQv 22 35 100 72
55964 uGSi4c 82 33 96 67
56239 HNPJDt 88 6 96 62
56246 lZzGxky 76 73 98 46
56635 A4M0pRO 79 20 95 27
56761 BIgGEJ7 14 2 99 63
56878 YbMd2b 7 73 97 79
56898 4ZMo16MU 9 58 95 28
57456 tDZOKp 22 0 98 56
57492 yi0c6uG 100 5 99 95
57638 bjGJEE 47 64 99 66
57676 lqI9PjUQ 31 24 97 62
57756 C5SYCu 15 46 96 88
58128 rFuxluGe 98 2 98 31
58232 rvtpmd 87 75 100 78
58378 snieEqe 92 73 95 85
58432 TuQSvX 99 36 97 11
58450 R4AEjul 76 91 97 76
58618 oKmfTg6 13 30 98 24
58696 kr3aF6S 10 72 97 69
58697 WdC6czB 4 10 99 55
58755 dYzAIaCM 15 66 99 81
58761 DrT4Ws 37 37 99 64
59012 SFfdHe 24 87 96 22
59050 mAxH8HJ 81 47 99 50
59321 VTPkE7M 32 78 100 81
59430 y0N6pfTu 80 6 95 74
59717 wQFwrw 87 97 97 27
59765 FKgTItdl 76 30 97 86
59878 hY7QDaJQ 84 90 99 40
60115 KPL3U1 90 83 96 18
60221 laawgQNb 54 16 96 3
61281 r73GvpYi 76 3 98 39
61542 76TQjgE 68 90 95 86
61671 C4C293J 8 41 99 61
61710 NQ1KAj27 22 41 99 82
62011 fKYnJuH 20 66 95 35
62159 ouavsql0 43 28 100 83
62402 qaAmkb2 82 74 99 12
62413 MUb59X 94 50 96 30
62468 lFlhfN 77 42 96 0
63348 WCeJkPk 89 33 95 67
63373 aMJEup 98 89 98 91
63495 iyA8zY 87 99 98 2
63540 EQfkLiJ 14 64 98 92
63561 gnFSK1RJ 1 79 97 36
63594 cRBLZjKT 38 21 99 2
63700 KXA9Ze 26 19 96 11
63723 ZHmh98 28 19 97 67
63740 GJpZXf 67 79 100 81
63742 ruVI5C2 37 6 96 78
64175 vdSIzONH 13 80 96 70
64281 q9xOMt1u 5 49 98 17
64339 7EH8rlp 14 81 96 64
64394 Vt6yiRtl 78 94 96 19
64398 UnDDyQ4i 71 39 99 48
64575 D9tiUqHn 22 69 100 69
64614 Ye7S2RR 19 81 95 19
64833 N3acshkU 68 52 100 18
64837 GbGhWL 67 80 95 97
64941 iUIC0n 69 85 96 18
65013 j20We3SY 7 13 98 18
65040 V2hMBjs 54 14 99 20
65127 M7Euglb2 64 15 99 85
65253 DQK8EBO 52 66 97 93
65371 hS41hlkS 24 24 95 9
65663 S5rxeNEY 98 2 96 19
65673 nqXaCsqw 93 69 100 99
65731 NGIJnCt 98 23 99 58
66230 Z0MSqLX9 14 40 96 80
66247 pynyGnBV 80 55 95 28
66472 Nqf8ArSY 47 59 99 1
66610 qRp2qMt 46 58 100 84
66845 p4rresOD 3 81 99 12
67181 EOnKuk 77 86 96 72
67478 YX9qmj 79 30 96 43
67671 2u8MEw 91 74 96 71
67759 dNPWrk0 97 15 97 94
68041 LgHJcw 73 97 96 71
68225 Hx9ZOef 45 89 99 98
68315 pSqr3t 84 87 99 76
68378 ftNXSk 12 35 95 95
68386 Rr0YcQV 69 54 98 29
68523 Bs5jfy 17 7 99 8
68548 TAlv5K 81 74 99 18
68576 I1KgkZV 29 19 97 78
68585 D84i4w 35 73 98 3
68913 rMnKFL 12 50 98 19
68960 ZGu1iYV 58 69 95 38
68972 IG2QdsEW 72 36 99 90
68985 P3121H 75 72 100 70
69144 xOzvO87 19 31 99 5
69185 fi8nFXNI 53 82 96 5
69258 JLKuyqbl 81 6 98 78
69481 NgMpMi 63 56 100 37
69532 oih7c4h 64 78 96 4
69654 cu8YXOR 70 50 99 91
69901 23pZvt 39 32 95 90
70047 n28HERZ 53 14 97 84
70049 NxfIO7E 14 29 97 53
70260 aVvD5P 61 93 95 3
70270 heZRUK 61 75 97 87
70468 CG04inEx 13 2 99 93
70800 BmN6ns 68 63 95 43
71037 9i1SmnM 87 6 96 34
71046 WG8vYuB 5 0 99 30
71112 VwQabFn 57 35 100 26
71378 TAlv5K 54 24 98 71
71428 CpWgIzUV 10 28 99 36
71681 OzU3Rtx 28 62 98 72
71822 gKhtAPtl 3 28 98 6
71848 voQTk7jS 30 23 96 51
71921 b9UhAr 69 91 97 44
72011 YbZzd0L 30 84 99 8
72059 ZvbZfAUC 80 5 97 41
72134 qqGwmo 10 25 98 25
72266 Wn2ZOaV 50 89 97 32
72294 LjI5gin 89 71 99 85
72306 cuiPhE7 46 91 100 6
72484 T1to3yys 85 15 95 92
73394 NuUsWXai 13 75 95 41
73461 ue6tTNs 74 9 97 86
73545 o7TNAaq 90 3 99 69
73580 8e346y4A 81 82 95 20
73966 zCykwba 76 55 100 36
74294 hzL1dVM 87 9 95 52
74565 R5kOTZJ 27 55 97 21
74585 lImxnod 37 33 97 24
74612 IlYwaO 59 70 95 6
74762 vcabt3 95 76 96 30
74838 OuD2rgH 85 98 98 6
74852 TYEIEF8C 85 68 96 53
74874 UL9NiZi 48 17 99 84
75017 yQNQmnw 26 24 95 46
75630 NcRiiq 36 69 100 56
76540 urwAII 88 22 97 56
76635 3Pyzlo 27 37 96 50
77098 clAtfK 69 6 100 49
77159 17PakjsX 83 8 98 28
77353 tS8zQNWN 41 73 97 19
77388 AUVwvAR2 12 95 95 38
77609 RkwkJt 56 60 100 18
78224 s7kbIGYE 70 4 95 99
78378 zfXbxiiL 66 32 99 18
78421 GPI0QiSO 93 27 95 90
79010 gjvL67 40 41 99 41
79043 jTjZaxR 83 45 95 63
79289 0OBpYD5 71 9 96 35
79370 GBe7sYw 17 19 100 51
79390 Eyvp7sl 49 24 99 25
79408 K5mYtc 89 54 95 84
79550 ZLRURt7n 33 34 96 3
79733 tt8W1Kg0 65 25 97 32
80121 sGevZ6 69 75 96 3
80178 gGzRQFbu 69 59 95 79
80340 OjbKKr6U 23 56 100 4
80346 P1Zkeqc 87 96 98 3
80526 MDSHBwRQ 53 17 98 68
80570 BuEGhc 98 80 98 88
80669 tEwI9V 49 63 98 5
80790 qGNO4S 96 84 100 16
80832 2m5YuY6D 82 31 95 5
80915 kPPYdNJ 37 67 98 63
81066 RPgseUt9 20 60 95 42
81072 YP6F7L 35 8 99 5
81083 AcpD00 51 71 97 0
81748 iP0pJE 88 25 99 97
81759 1xZQER 5 91 96 62
82144 12RKZA 63 23 100 27
82204 JoVMHVY 65 42 96 67
82787 qgr2LTs 80 45 99 64
82890 0tnCLEKQ 63 28 96 7
83067 2xrev78Q 25 93 96 75
83230 J1EVliF 65 37 98 24
83256 CP1i7uZ 34 1 96 36
83508 5jR2BWB 37 41 95 6
83563 R1Te7N 67 22 98 35
83620 fn6WKrjt 74 13 98 47
83785 6eXU9gES 15 23 98 68
84022 c1JTM7 38 72 98 47
84096 ZOLjmY8q 84 97 100 98
84142 nmMfDna4 68 13 97 81
84143 pHWAviO 17 12 98 24
84203 0Z8gfrkA 96 97 96 28
84231 vqSHUF 55 68 98 10
84243 UCARqAL 12 5 97 87
84378 dz9IrKBB 9 89 99 61
84432 DRluUajC 61 12 99 78
84469 A8XRsLfi 40 45 97 30
84488 G4mXgX 51 16 99 32
84904 cv4XtYpb 93 53 96 83
85120 ZFQY4A 3 22 97 13
85378 oE5LTHys 25 80 98 63
85425 qzGQg3 27 31 96 14
85526 vr19MV 4 4 100 62
86071 6fH2Bfb 65 86 95 29
86360 xozRG7 20 46 96 45
87206 y6Ifk6C8 61 11 96 17
87332 cv98pCyO 36 69 98 36
87363 F91mQH 61 34 99 66
87385 YbUsPSK 94 12 98 54
87548 NhWakeg 74 25 97 48
87814 Ndpjn1z4 9 27 96 78
88137 kC8Rtqdi 37 15 96 44
88268 5WiOgI 28 55 95 86
88373 qMfpHaT 92 6 98 59
88634 12Q5F6H 24 26 100 33
88664 Okj0hGO 11 23 96 52
88679 GwmDEdR1 72 25 98 93
88742 S2lOcpl 32 45 98 47
88936 WC5djbXG 62 17 97 15
88961 8XxvFTS 13 67 96 5
89315 yOk6Wmjq 66 10 95 43
89429 m42aPv 37 60 97 11
89734 9V3oq7ha 61 91 97 83
89833 GZrihBaN 60 43 98 78
90073 PNIfbod 75 88 99 11
90517 Ve9pPbp 96 66 95 84
90548 owKKo1 71 28 99 82
90578 alljdol 96 31 95 7
90583 1pgZBC 37 90 96 68
91038 ul2eTl 13 66 98 19
91357 XRi1hQd 60 28 100 70
91676 3rZPNAT 52 43 96 30
91879 sm7VROi 15 3 97 13
92073 oSh42ih 8 8 96 12
92076 SJg7EV 11 7 96 44
92345 YHI3uQ 76 79 98 26
92432 enykTol 53 6 97 66
92646 n2BOnf 77 3 100 6
92957 oWxuBWM 13 39 99 1
93257 vlvbEQb 91 56 95 75
93494 TnKBCv2 91 20 95 64
93916 muC11d 22 5 95 54
93944 RGzLHZaC 9 12 100 37
93948 hE7q474Q 41 99 98 33
93949 HnLLaFHx 60 30 95 98
94153 OfRQoE 26 56 99 38
94211 hgjPRZD 33 86 99 94
94382 qVm0ErI 46 43 98 31
94445 griXZwY 90 98 95 79
94488 BvWSRFT 60 73 96 73
94539 h7WeNu8V 80 37 97 90
94567 ENAkwl 10 14 97 65
94630 vPpojNqu 15 65 98 55
94665 7p0hkNi 83 54 98 88
94729 D9JMOdQ5 54 38 98 35
94788 4ERHB3Ab 72 47 95 80
95049 fgoavizX 0 27 96 78
95492 bpD5km 18 78 96 50
95580 7feL0Y 17 87 98 18
95581 SdPnanzl 79 73 97 90
95612 fZx8IkG 25 27 97 31
95613 n7FQHE 64 69 95 46
95644 pmvEj3ff 77 90 98 58
95837 uNyZwsPj 3 73 95 72
95873 78MKCh 85 28 99 54
95986 80NNes6K 38 38 97 96
96079 0Cmlat 42 94 97 26
96267 jexlZTjR 85 84 98 25
96347 qZ3e1ASP 40 48 99 89
96521 zAThZDz 41 63 98 70
96656 bImFBIr 19 25 100 56
96680 nXdP0VN 81 4 96 52
96755 PjwWxPM 31 90 99 27
96888 tLanH6Vm 11 97 96 97
96950 15Qifn 57 78 98 14
97029 4wvnmV 76 5 97 80
97659 EN8JZS 65 52 96 82
97901 hHODiU 34 78 96 47
98070 xi1ETu 32 50 96 52
98109 FvTkd5xQ 6 33 98 33
98342 ffIhlhm 41 59 98 93
98650 GJbeMq4 80 88 95 42
98702 QVYiWa 32 15 97 56
98734 CfsA9dc0 87 91 97 68
98736 8R7TkFm 88 68 96 49
98963 KpKdYV 61 80 95 21
99067 udRGJ31 3 46 99 8
99195 9PGaa7 21 43 96 41
99516 65YZNfC 30 90 97 19
99551 I3nXLT1 88 61 100 79
99848 gZtMS4fH 12 76 97 7
99921 CQRQ2u 28 86 100 42
99922 h0t2pTb1 77 50 95 74
99965 lTLHTbs 30 27 97 4
99970 BkQlwJt 15 96 96 77
10022 KdtylS 86 70 45 98
10316 HVhdop1 23 100 68 99
10407 kxeDirhD 74 32 31 97
10804 1YAUSfRT 3 28 50 99
11008 8OAeKr 31 47 38 96
11099 OEwa1RYa 79 42 75 99
11121 ChJUtsau 78 49 28 100
11524 l4XON7KG 98 62 70 98
11657 8xsxigC 74 48 56 98
11973 Xctjcha 32 39 38 100
12300 ozoQhf7 14 31 77 97
12653 4F4sbiP 0 44 49 96
13136 0KUbt5fk 40 95 9 98
13251 2CG2gmJ9 86 12 87 100
13515 cuGkkG 27 88 43 97
13594 gY02nZ8 100 44 42 99
14001 7VFoq2d1 23 65 66 96
14051 cTNYoF 5 54 78 97
14784 DE818H 40 79 77 96
14991 hjtQO87 8 65 68 97
16151 LOR623Xz 15 80 49 100
16243 Vg9CLkJ 88 76 99 100
16512 IKwjdb 98 36 58 99
16523 6cp1xuFO 7 66 92 97
16557 H6hSMDJ 49 73 62 97
16732 tsSeakQh 67 41 4 99
17268 2KKxek 54 75 48 96
17362 7o4oPG 43 4 98 98
17718 dXbxSd 15 95 93 96
17731 3p4pYC 55 63 61 99
17958 OvLlME 79 40 94 100
18076 pp4VgFdP 36 66 15 98
18478 8PjvZ7o 13 73 74 97
18553 6mtGwwl 41 57 43 96
18792 F5uswSEp 83 16 44 98
19363 Xri36lRi 87 98 55 96
19712 h7yKI69 83 67 14 98
411 pi9dE6KW 17 46 40 97
583 wqIPHMFy 50 75 59 97
1941 Wb6LwF 100 93 34 28
3 zUFUO26 43 37 2 90
12 9RhDTH 55 89 57 90
27 J06GbtYz 10 33 22 52
29 bmYTVFCJ 46 68 19 76
33 JuMKEt 13 15 96 75
34 Fy5gDd 29 9 53 1
42 B9VjIHe 79 98 85 92
56 XeE7uE 30 82 42 6
82 dvt3ZOhm 30 29 85 35
113 m5SlaV1M 32 83 46 93
128 kMMGMJI1 24 67 51 46
136 0Q0ZxY 42 83 54 45
144 r5IsRew 85 96 10 20
148 5E0G7Juj 87 4 12 66
149 kPbTHt 3 9 45 83
167 iJzq1tt4 24 64 23 83
174 9SL02F 82 52 37 57
206 wzss0z 33 1 55 94
212 vBfFcA 88 11 16 83
230 PQfXmTO 86 24 40 67
238 Byi5yV 43 9 67 11
242 nFJ4U6 10 41 51 57
244 0ZWeyy 52 53 32 87
249 KKTDeuKV 51 77 0 92
260 4UE5fV 92 6 52 88
277 wD5oUf 78 83 11 54
280 EV2KEqt 64 28 37 47
284 u66Q5Hy 64 95 96 22
286 uqSMAsV 92 65 84 24
297 B9Gg3rM 40 18 14 95
299 l0tgze 61 92 22 79
322 yFEzdw7 23 76 19 64
330 AWewFaa 25 16 93 13
347 k87JZkyw 23 16 6 93
365 VdsFpr 62 76 75 13
375 S4WtXE 16 46 21 92
383 KuKHzd 98 51 93 39
385 6jhJUfYC 75 50 32 4
388 e0sBoMdU 39 35 75 64
401 olqKT5 51 13 83 25
411 pi9dE6KW 17 46 40 97
441 gxiAZ4io 53 70 2 79
453 aYaqqxW5 22 12 96 33
480 LfvuERwY 66 0 35 58
483 2mD6seHe 83 74 6 38
497 74a5sBuf 54 92 95 30
502 Wd5FFg 63 5 80 31
517 VRb311S 39 31 85 26
531 lMsg9Qx 27 87 41 7
555 OfYL3l 63 11 96 41
562 bsn20kT2 25 83 41 88
566 sXnjpyQ 86 99 56 37
567 5Z8rkU 56 97 89 82
580 454qBN 52 12 22 2
583 wqIPHMFy 50 75 59 97
604 yFEifNMN 20 38 33 67
628 Rlt1RmsG 26 50 84 84
639 BuRjeAO9 37 45 83 51
640 928tzTT 70 28 19 24
668 n5hgOYhy 77 46 57 88
672 YnyOLNi 55 71 52 56
694 Hp95Wr 24 55 50 6
695 9SMyERiX 40 31 91 21
701 Cy8v6hdo 25 39 43 36
702 hGJTiyG 83 18 90 96
705 GorLkIP 75 6 42 36
716 ds0bcTGS 87 48 87 47
724 X3MBnrK 23 21 11 65
736 ZVLNQPa 65 43 54 39
747 xYAPSqN7 46 7 90 73
748 6ZdV1mz 91 54 60 18
753 N6OIEqN 83 26 76 98
762 0brn1xF 97 67 68 2
764 uoPrAxV 72 73 3 77
766 yFw1znz 24 79 74 1
778 4rfFYM 75 41 67 12
799 CKMF1el 32 21 7 2
810 19nWHDj 81 70 90 7
813 DW7ZeBu 20 43 65 56
826 AyQ2lQ8 92 89 1 95
831 NyK7A25o 34 28 11 92
835 BNJ1JWj 55 65 64 76
839 849pk5r 34 79 62 62
865 0908oWsJ 79 92 80 9
887 a6QMS6rr 73 32 29 63
890 7Y65wEE6 77 90 24 98
891 5p8fmnSw 53 31 49 42
896 N4EGJNv 33 27 6 35
912 kbnXhn 63 43 14 89
930 8XnIKu 33 47 39 8
944 uMkpen 53 17 52 27
971 GcJu2yT 59 57 9 33
980 CW9kiBn 51 79 95 31
994 39jOM9 77 22 68 3
1034 5y9aLlNt 55 61 54 29
1037 Z07dKN0K 85 43 89 76
1041 z3AJMWAj 86 55 53 10
1055 FJxMkLKV 0 70 85 8
1071 enT03LF9 34 7 46 72
1129 ErVHND 6 22 55 76
1134 N8plw2cP 88 10 66 30
1144 fGuS887u 78 4 58 89
1148 Bfh6lu 51 24 97 91
1151 nZaD7xJ 79 69 14 43
1159 14TeNRZ 23 10 46 43
1162 eoB2Cv0t 20 90 38 28
1169 isjrt0 96 59 50 10
1177 6qxnoL 45 25 93 39
1185 WWqn59Sv 5 35 5 85
1201 tEGLXm6 1 73 23 69
1211 rJtiqa 76 78 5 41
1223 AS3nKw0O 6 50 98 22
1231 5K83XO 2 87 79 77
1234 H5MUjPVn 72 70 34 85
1250 tOhRlH 79 1 70 82
1263 6svNUOK 78 77 27 8
1269 ugpEMC7 27 68 16 94
1275 YvICp7Xe 37 74 41 74
1283 9Wj1FZ 99 96 85 15
1290 peCj7KTy 50 87 68 27
1292 6l8q83tC 39 71 95 85
1299 L99M4wA 19 54 16 81
1349 w5eqrs 38 19 46 52
1373 Vd1B0x 27 92 75 58
1377 f9A3d0 3 75 55 49
1388 FcXNvLK 78 10 76 47
1390 Tk2RaT 14 15 7 20
1395 1rRCAJ 22 15 6 35
1422 0ncgWm 31 26 49 61
1426 Mgl0rHE1 63 46 42 65
1433 Fq6keVZ 4 22 60 88
1447 2sJkVPS 16 75 59 55
1455 fXUGXDTr 1 40 95 53
1460 jo0vwDth 62 43 77 48
1496 5EwARz 94 86 15 33
1505 8HXx5iQ 15 54 78 29
1517 DXu0y4p9 93 53 89 55
1528 5eKR9Ka 71 68 49 67
1532 tOYEVK 93 99 9 53
1565 JWoIUv 75 77 46 55
1569 U8HJdgN 1 14 62 52
1579 gm7r24QZ 90 66 48 100
1587 fY0P9vzR 47 43 4 99
1595 NaleX5nJ 3 89 3 5
1596 IW93wFs 1 26 22 53
1604 Jdw0oEs 97 48 44 21
1605 FEiHXDv 48 64 30 54
1610 FpYUXeJU 59 10 95 3
1637 XCqyVVl6 92 77 60 94
1652 dEew7R 81 77 25 34
1654 KbHzJwj 33 42 21 56
1668 3f0StzSl 59 39 8 10
1690 DnvJzjUx 40 49 66 99
1694 04gqf6gM 25 80 11 68
1727 xSlD82 44 84 5 93
1729 7i9weU 97 74 72 5
1735 tWVyFaGs 37